Data stamp = , 20-04-2022 21:50:57 990

Calibration Values: 
Slope = , 26.54 , g/V 
Offset Voltage at no contact = , -0.501760 , V 

No , Time , Stage Position ,   Mass , Force 
   ,  (s) ,      (mm)      ,   (g)  , (mN)  

1 ,0.0000 ,0.64934 ,5.28483 ,51.85474 
2 ,0.2207 ,0.64943 ,5.29510 ,51.95548 
3 ,0.5413 ,0.65029 ,5.26087 ,51.61969 
4 ,0.7330 ,0.65173 ,5.28825 ,51.88832 
5 ,0.9095 ,0.65328 ,5.26772 ,51.68685 
6 ,1.0852 ,0.65494 ,5.27114 ,51.72043 
7 ,1.2614 ,0.65672 ,5.27114 ,51.72043 
8 ,1.4537 ,0.65861 ,5.26772 ,51.68685 
9 ,1.6458 ,0.66054 ,5.25745 ,51.58611 
10 ,1.8375 ,0.66246 ,5.27114 ,51.72043 
11 ,2.0295 ,0.66441 ,5.23692 ,51.38464 
12 ,2.2056 ,0.66615 ,5.20954 ,51.11602 
13 ,2.3817 ,0.66793 ,5.17874 ,50.81381 
14 ,2.5416 ,0.66964 ,5.19243 ,50.94813 
15 ,2.7181 ,0.67128 ,5.17874 ,50.81381 
16 ,2.8939 ,0.67308 ,5.14794 ,50.51161 
17 ,3.0703 ,0.67480 ,5.12399 ,50.27656 
18 ,3.2460 ,0.67657 ,5.12056 ,50.24298 
19 ,3.4385 ,0.67846 ,5.11714 ,50.20940 
20 ,3.6623 ,0.68059 ,5.08977 ,49.94078 
21 ,3.8384 ,0.68249 ,5.07608 ,49.80646 
22 ,4.0305 ,0.68442 ,5.02817 ,49.33637 
23 ,4.2228 ,0.68630 ,5.02817 ,49.33637 
24 ,4.3829 ,0.68807 ,5.01448 ,49.20205 
25 ,4.5589 ,0.68969 ,4.99737 ,49.03416 
26 ,4.7352 ,0.69145 ,4.97683 ,48.83269 
27 ,4.9271 ,0.69329 ,4.95288 ,48.59764 
28 ,5.1193 ,0.69525 ,4.94261 ,48.49691 
29 ,5.3114 ,0.69712 ,4.91181 ,48.19471 
30 ,5.5035 ,0.69907 ,4.90155 ,48.09397 
31 ,5.6955 ,0.70107 ,4.88786 ,47.95966 
32 ,5.8713 ,0.70286 ,4.86390 ,47.72461 
33 ,6.0636 ,0.70470 ,4.85021 ,47.59030 
34 ,6.2397 ,0.70654 ,4.82284 ,47.32167 
35 ,6.4313 ,0.70843 ,4.82284 ,47.32167 
36 ,6.6077 ,0.71016 ,4.79546 ,47.05304 
37 ,6.8002 ,0.71215 ,4.77150 ,46.81800 
38 ,6.9759 ,0.71400 ,4.76808 ,46.78442 
39 ,7.1676 ,0.71569 ,4.74755 ,46.58295 
40 ,7.3441 ,0.71753 ,4.72017 ,46.31432 
41 ,7.5358 ,0.71948 ,4.72017 ,46.31432 
42 ,7.7283 ,0.72133 ,4.67568 ,45.87780 
43 ,7.9201 ,0.72322 ,4.66199 ,45.74349 
44 ,8.0960 ,0.72506 ,4.67226 ,45.84422 
45 ,8.2724 ,0.72681 ,4.65173 ,45.64275 
46 ,8.4325 ,0.72854 ,4.61408 ,45.27339 
47 ,8.6083 ,0.73018 ,4.62093 ,45.34055 
48 ,8.7846 ,0.73191 ,4.58671 ,45.00477 
49 ,8.9768 ,0.73382 ,4.59355 ,45.07192 
50 ,9.1688 ,0.73572 ,4.57644 ,44.90403 
51 ,9.3610 ,0.73761 ,4.54222 ,44.56825 
52 ,9.5530 ,0.73959 ,4.54222 ,44.56825 
53 ,9.7447 ,0.74144 ,4.51142 ,44.26604 
54 ,9.9212 ,0.74330 ,4.47378 ,43.89668 
55 ,10.1133 ,0.74518 ,4.48062 ,43.96384 
56 ,10.3054 ,0.74708 ,4.44298 ,43.59448 
57 ,10.4973 ,0.74913 ,4.44298 ,43.59448 
58 ,10.6893 ,0.75087 ,4.43613 ,43.52732 
59 ,10.8655 ,0.75277 ,4.39164 ,43.09080 
60 ,11.0737 ,0.75472 ,4.37453 ,42.92291 
61 ,11.2816 ,0.75685 ,4.35400 ,42.72144 
62 ,11.4736 ,0.75873 ,4.35742 ,42.75502 
63 ,11.6657 ,0.76065 ,4.31636 ,42.35208 
64 ,11.8415 ,0.76253 ,4.29240 ,42.11703 
65 ,12.0178 ,0.76424 ,4.29582 ,42.15061 
66 ,12.2102 ,0.76612 ,4.27187 ,41.91556 
67 ,12.4023 ,0.76807 ,4.25818 ,41.78125 
68 ,12.6103 ,0.77011 ,4.24107 ,41.61336 
69 ,12.8020 ,0.77201 ,4.22053 ,41.41189 
70 ,12.9938 ,0.77406 ,4.21027 ,41.31115 
71 ,13.1704 ,0.77578 ,4.20000 ,41.21042 
72 ,13.3462 ,0.77753 ,4.16578 ,40.87464 
73 ,13.5225 ,0.77933 ,4.15209 ,40.74032 
74 ,13.6826 ,0.78100 ,4.15209 ,40.74032 
75 ,13.8586 ,0.78265 ,4.13156 ,40.53885 
76 ,14.0343 ,0.78447 ,4.10760 ,40.30380 
77 ,14.2109 ,0.78619 ,4.11445 ,40.37096 
78 ,14.4032 ,0.78809 ,4.06996 ,39.93444 
79 ,14.5791 ,0.78985 ,4.04943 ,39.73297 
80 ,14.7551 ,0.79163 ,4.05285 ,39.76655 
81 ,14.9471 ,0.79351 ,4.02547 ,39.49793 
82 ,15.1228 ,0.79529 ,4.01178 ,39.36361 
83 ,15.2993 ,0.79712 ,4.00152 ,39.26288 
84 ,15.4753 ,0.79880 ,3.99125 ,39.16214 
85 ,15.6510 ,0.80059 ,3.97756 ,39.02783 
86 ,15.8275 ,0.80237 ,3.95361 ,38.79278 
87 ,16.0351 ,0.80440 ,3.95018 ,38.75920 
88 ,16.2113 ,0.80615 ,3.92281 ,38.49058 
89 ,16.3876 ,0.80792 ,3.90227 ,38.28911 
90 ,16.5797 ,0.80982 ,3.87832 ,38.05406 
91 ,16.7718 ,0.81167 ,3.89543 ,38.22195 
92 ,16.9800 ,0.81381 ,3.85436 ,37.81901 
93 ,17.1720 ,0.81569 ,3.84067 ,37.68470 
94 ,17.3320 ,0.81753 ,3.82356 ,37.51681 
95 ,17.5083 ,0.81915 ,3.80645 ,37.34891 
96 ,17.7163 ,0.82116 ,3.79961 ,37.28176 
97 ,17.9083 ,0.82304 ,3.77223 ,37.01313 
98 ,18.1323 ,0.82525 ,3.76539 ,36.94597 
99 ,18.3081 ,0.82712 ,3.75512 ,36.84524 
100 ,18.4845 ,0.82890 ,3.72090 ,36.50946 
101 ,18.6766 ,0.83076 ,3.71063 ,36.40872 
102 ,18.8686 ,0.83273 ,3.69694 ,36.27441 
103 ,19.0444 ,0.83454 ,3.65930 ,35.90505 
104 ,19.2209 ,0.83629 ,3.63534 ,35.67000 
105 ,19.3965 ,0.83807 ,3.66272 ,35.93863 
106 ,19.5890 ,0.83986 ,3.62850 ,35.60284 
107 ,19.7811 ,0.84190 ,3.59770 ,35.30064 
108 ,19.9888 ,0.84390 ,3.59086 ,35.23348 
109 ,20.1652 ,0.84567 ,3.57375 ,35.06559 
110 ,20.3412 ,0.84748 ,3.54637 ,34.79696 
111 ,20.5014 ,0.84916 ,3.52241 ,34.56192 
112 ,20.6769 ,0.85082 ,3.52241 ,34.56192 
113 ,20.8534 ,0.85257 ,3.51215 ,34.46118 
114 ,21.0293 ,0.85436 ,3.51215 ,34.46118 
115 ,21.2215 ,0.85624 ,3.45397 ,33.89035 
116 ,21.3973 ,0.85802 ,3.45055 ,33.85677 
117 ,21.5735 ,0.85980 ,3.45397 ,33.89035 
118 ,21.7496 ,0.86152 ,3.45055 ,33.85677 
119 ,21.9258 ,0.86327 ,3.41975 ,33.55457 
120 ,22.1179 ,0.86521 ,3.40264 ,33.38667 
121 ,22.3102 ,0.86706 ,3.40264 ,33.38667 
122 ,22.4860 ,0.86894 ,3.36842 ,33.05089 
123 ,22.6778 ,0.87076 ,3.35130 ,32.88300 
124 ,22.8540 ,0.87258 ,3.32393 ,32.61437 
125 ,23.0463 ,0.87449 ,3.33419 ,32.71511 
126 ,23.2223 ,0.87628 ,3.30339 ,32.41290 
127 ,23.3981 ,0.87803 ,3.27944 ,32.17786 
128 ,23.5745 ,0.87975 ,3.27944 ,32.17786 
129 ,23.7825 ,0.88181 ,3.25206 ,31.90923 
130 ,23.9585 ,0.88357 ,3.23495 ,31.74134 
131 ,24.1343 ,0.88541 ,3.22126 ,31.60702 
132 ,24.3110 ,0.88710 ,3.22811 ,31.67418 
133 ,24.5028 ,0.88899 ,3.18362 ,31.23766 
134 ,24.6628 ,0.89076 ,3.16993 ,31.10335 
135 ,24.8389 ,0.89240 ,3.14940 ,30.90188 
136 ,25.0150 ,0.89430 ,3.15282 ,30.93546 
137 ,25.1911 ,0.89589 ,3.14255 ,30.83472 
138 ,25.3670 ,0.89771 ,3.12202 ,30.63325 
139 ,25.5593 ,0.89955 ,3.10491 ,30.46536 
140 ,25.7671 ,0.90157 ,3.09464 ,30.36463 
141 ,25.9434 ,0.90355 ,3.06042 ,30.02884 
142 ,26.1354 ,0.90535 ,3.05700 ,29.99527 
143 ,26.3117 ,0.90712 ,3.03304 ,29.76022 
144 ,26.5195 ,0.90909 ,3.00224 ,29.45801 
145 ,26.6954 ,0.91100 ,2.99882 ,29.42444 
146 ,26.8718 ,0.91275 ,2.97487 ,29.18939 
147 ,27.0800 ,0.91479 ,2.96802 ,29.12223 
148 ,27.2716 ,0.91667 ,2.94749 ,28.92076 
149 ,27.4478 ,0.91848 ,2.94407 ,28.88718 
150 ,27.6241 ,0.92027 ,2.92011 ,28.65213 
151 ,27.8002 ,0.92209 ,2.91327 ,28.58498 
152 ,27.9918 ,0.92390 ,2.89273 ,28.38351 
153 ,28.1844 ,0.92577 ,2.88931 ,28.34993 
154 ,28.3762 ,0.92779 ,2.85509 ,28.01415 
155 ,28.5684 ,0.92967 ,2.85509 ,28.01415 
156 ,28.7604 ,0.93149 ,2.83456 ,27.81268 
157 ,28.9365 ,0.93346 ,2.82429 ,27.71194 
158 ,29.0962 ,0.93511 ,2.79007 ,27.37616 
159 ,29.2722 ,0.93680 ,2.79007 ,27.37616 
160 ,29.4486 ,0.93848 ,2.77296 ,27.20827 
161 ,29.6406 ,0.94037 ,2.75927 ,27.07395 
162 ,29.8165 ,0.94215 ,2.72847 ,26.77175 
163 ,29.9926 ,0.94406 ,2.73531 ,26.83891 
164 ,30.1527 ,0.94565 ,2.71136 ,26.60386 
165 ,30.3292 ,0.94732 ,2.69767 ,26.46954 
166 ,30.5054 ,0.94906 ,2.70109 ,26.50312 
167 ,30.6970 ,0.95097 ,2.66003 ,26.10018 
168 ,30.8894 ,0.95292 ,2.64976 ,25.99945 
169 ,31.0812 ,0.95483 ,2.63607 ,25.86514 
170 ,31.2576 ,0.95656 ,2.61554 ,25.66367 
171 ,31.4496 ,0.95839 ,2.59501 ,25.46220 
172 ,31.6737 ,0.96057 ,2.57789 ,25.29430 
173 ,31.8655 ,0.96258 ,2.57447 ,25.26073 
174 ,32.0578 ,0.96458 ,2.54025 ,24.92494 
175 ,32.2499 ,0.96642 ,2.53683 ,24.89136 
176 ,32.4420 ,0.96834 ,2.51287 ,24.65632 
177 ,32.6501 ,0.97043 ,2.51972 ,24.72347 
178 ,32.8264 ,0.97225 ,2.49918 ,24.52200 
179 ,33.0180 ,0.97420 ,2.47181 ,24.25338 
180 ,33.2102 ,0.97599 ,2.45127 ,24.05191 
181 ,33.4021 ,0.97801 ,2.45127 ,24.05191 
182 ,33.5785 ,0.97978 ,2.43074 ,23.85044 
183 ,33.7544 ,0.98155 ,2.39994 ,23.54823 
184 ,33.9307 ,0.98330 ,2.40336 ,23.58181 
185 ,34.1387 ,0.98537 ,2.37941 ,23.34676 
186 ,34.3149 ,0.98716 ,2.35888 ,23.14529 
187 ,34.4907 ,0.98892 ,2.37599 ,23.31318 
188 ,34.6669 ,0.99066 ,2.36230 ,23.17887 
189 ,34.8588 ,0.99249 ,2.33492 ,22.91024 
190 ,35.0351 ,0.99440 ,2.31439 ,22.70877 
191 ,35.2113 ,0.99611 ,2.30754 ,22.64162 
192 ,35.4190 ,0.99808 ,2.27332 ,22.30584 
193 ,35.5953 ,0.99990 ,2.24937 ,22.07079 
194 ,35.7875 ,1.00187 ,2.25279 ,22.10437 
195 ,35.9795 ,1.00375 ,2.23568 ,21.93647 
196 ,36.1555 ,1.00560 ,2.22199 ,21.80216 
197 ,36.3316 ,1.00733 ,2.19803 ,21.56711 
198 ,36.5234 ,1.00918 ,2.21172 ,21.70143 
199 ,36.6996 ,1.01100 ,2.18435 ,21.43280 
200 ,36.9080 ,1.01307 ,2.15697 ,21.16417 
201 ,37.1000 ,1.01501 ,2.14670 ,21.06344 
202 ,37.2917 ,1.01692 ,2.12617 ,20.86197 
203 ,37.4682 ,1.01870 ,2.11590 ,20.76123 
204 ,37.6436 ,1.02046 ,2.09195 ,20.52619 
205 ,37.8203 ,1.02220 ,2.09537 ,20.55976 
206 ,38.0121 ,1.02411 ,2.05773 ,20.19040 
207 ,38.1884 ,1.02590 ,2.05430 ,20.15682 
208 ,38.3804 ,1.02778 ,2.05088 ,20.12325 
209 ,38.5565 ,1.02956 ,2.02693 ,19.88820 
210 ,38.7645 ,1.03160 ,2.00639 ,19.68673 
211 ,38.9565 ,1.03347 ,1.99613 ,19.58599 
212 ,39.1327 ,1.03527 ,1.96875 ,19.31737 
213 ,39.3088 ,1.03702 ,1.96875 ,19.31737 
214 ,39.4850 ,1.03881 ,1.95506 ,19.18305 
215 ,39.6930 ,1.04088 ,1.93795 ,19.01516 
216 ,39.9009 ,1.04295 ,1.93111 ,18.94801 
217 ,40.0930 ,1.04488 ,1.89004 ,18.54507 
218 ,40.2693 ,1.04666 ,1.89004 ,18.54507 
219 ,40.4612 ,1.04861 ,1.90373 ,18.67938 
220 ,40.6375 ,1.05030 ,1.87635 ,18.41075 
221 ,40.8131 ,1.05217 ,1.84897 ,18.14213 
222 ,40.9894 ,1.05392 ,1.83186 ,17.97423 
223 ,41.1816 ,1.05581 ,1.83528 ,18.00781 
224 ,41.3736 ,1.05766 ,1.81475 ,17.80634 
225 ,41.5498 ,1.05947 ,1.79764 ,17.63845 
226 ,41.7258 ,1.06117 ,1.78737 ,17.53772 
227 ,41.8855 ,1.06295 ,1.77711 ,17.43698 
228 ,42.0620 ,1.06460 ,1.77711 ,17.43698 
229 ,42.2698 ,1.06652 ,1.73946 ,17.06762 
230 ,42.4781 ,1.06859 ,1.73262 ,17.00046 
231 ,42.6698 ,1.07059 ,1.71551 ,16.83257 
232 ,42.8463 ,1.07238 ,1.69498 ,16.63110 
233 ,43.0381 ,1.07428 ,1.69498 ,16.63110 
234 ,43.2145 ,1.07610 ,1.67444 ,16.42963 
235 ,43.4062 ,1.07795 ,1.66760 ,16.36248 
236 ,43.5826 ,1.07980 ,1.64364 ,16.12743 
237 ,43.7745 ,1.08162 ,1.62653 ,15.95954 
238 ,43.9507 ,1.08346 ,1.60942 ,15.79164 
239 ,44.1265 ,1.08519 ,1.60942 ,15.79164 
240 ,44.3029 ,1.08699 ,1.60600 ,15.75807 
241 ,44.4788 ,1.08875 ,1.59573 ,15.65733 
242 ,44.6710 ,1.09070 ,1.55809 ,15.28797 
243 ,44.8631 ,1.09254 ,1.57178 ,15.42228 
244 ,45.0551 ,1.09442 ,1.53413 ,15.05292 
245 ,45.2312 ,1.09629 ,1.52387 ,14.95219 
246 ,45.4233 ,1.09818 ,1.51360 ,14.85145 
247 ,45.6154 ,1.10006 ,1.48622 ,14.58283 
248 ,45.7914 ,1.10185 ,1.48622 ,14.58283 
249 ,45.9834 ,1.10373 ,1.48965 ,14.61640 
250 ,46.1592 ,1.10551 ,1.47253 ,14.44851 
251 ,46.3356 ,1.10732 ,1.45542 ,14.28062 
252 ,46.5273 ,1.10921 ,1.43489 ,14.07915 
253 ,46.7037 ,1.11096 ,1.42462 ,13.97842 
254 ,46.8797 ,1.11276 ,1.43489 ,14.07915 
255 ,47.0556 ,1.11456 ,1.38014 ,13.54190 
256 ,47.2318 ,1.11628 ,1.37329 ,13.47474 
257 ,47.4239 ,1.11813 ,1.37671 ,13.50832 
258 ,47.6002 ,1.11997 ,1.36645 ,13.40759 
259 ,47.7922 ,1.12184 ,1.33565 ,13.10538 
260 ,47.9843 ,1.12379 ,1.32880 ,13.03822 
261 ,48.1604 ,1.12560 ,1.31512 ,12.90391 
262 ,48.3519 ,1.12745 ,1.31512 ,12.90391 
263 ,48.5284 ,1.12927 ,1.29458 ,12.70244 
264 ,48.7202 ,1.13117 ,1.28774 ,12.63528 
265 ,48.9283 ,1.13316 ,1.26378 ,12.40024 
266 ,49.1367 ,1.13520 ,1.27405 ,12.50097 
267 ,49.3129 ,1.13705 ,1.24667 ,12.23235 
268 ,49.5049 ,1.13898 ,1.20561 ,11.82941 
269 ,49.6968 ,1.14092 ,1.21245 ,11.89656 
270 ,49.8890 ,1.14275 ,1.18850 ,11.66151 
271 ,50.0806 ,1.14469 ,1.19534 ,11.72867 
272 ,50.2727 ,1.14657 ,1.17138 ,11.49362 
273 ,50.4648 ,1.14850 ,1.16112 ,11.39289 
274 ,50.6573 ,1.15048 ,1.15427 ,11.32573 
275 ,50.8815 ,1.15265 ,1.12005 ,10.98995 
276 ,51.0573 ,1.15457 ,1.10294 ,10.82206 
277 ,51.2336 ,1.15625 ,1.10979 ,10.88921 
278 ,51.4098 ,1.15804 ,1.08241 ,10.62059 
279 ,51.5853 ,1.15979 ,1.08583 ,10.65416 
280 ,51.7617 ,1.16161 ,1.07214 ,10.51985 
281 ,51.9377 ,1.16325 ,1.07214 ,10.51985 
282 ,52.1138 ,1.16501 ,1.04819 ,10.28480 
283 ,52.2898 ,1.16682 ,1.03108 ,10.11691 
284 ,52.4659 ,1.16857 ,1.02081 ,10.01618 
285 ,52.6577 ,1.17049 ,1.02423 ,10.04976 
286 ,52.8343 ,1.17230 ,1.00370 ,9.84829 
287 ,53.0423 ,1.17432 ,0.97974 ,9.61324 
288 ,53.2344 ,1.17622 ,0.96605 ,9.47892 
289 ,53.4264 ,1.17813 ,0.95237 ,9.34461 
290 ,53.6186 ,1.18007 ,0.95921 ,9.41177 
291 ,53.8105 ,1.18195 ,0.92841 ,9.10956 
292 ,53.9863 ,1.18374 ,0.92157 ,9.04241 
293 ,54.1787 ,1.18568 ,0.91472 ,8.97525 
294 ,54.3868 ,1.18776 ,0.88734 ,8.70662 
295 ,54.5629 ,1.18953 ,0.88392 ,8.67305 
296 ,54.8985 ,1.19206 ,0.87023 ,8.53873 
297 ,55.0907 ,1.19474 ,0.84286 ,8.27011 
298 ,55.2832 ,1.19674 ,0.82575 ,8.10221 
299 ,55.4914 ,1.19871 ,0.82575 ,8.10221 
300 ,55.6834 ,1.20069 ,0.80179 ,7.86717 
301 ,55.8753 ,1.20263 ,0.79152 ,7.76643 
302 ,56.0675 ,1.20454 ,0.76757 ,7.53138 
303 ,56.2596 ,1.20643 ,0.77441 ,7.59854 
304 ,56.4516 ,1.20834 ,0.75388 ,7.39707 
305 ,56.6277 ,1.21025 ,0.74704 ,7.32991 
306 ,56.8197 ,1.21203 ,0.74361 ,7.29633 
307 ,56.9955 ,1.21384 ,0.72650 ,7.12844 
308 ,57.1721 ,1.21566 ,0.72650 ,7.12844 
309 ,57.3797 ,1.21753 ,0.70597 ,6.92697 
310 ,57.5721 ,1.21962 ,0.69913 ,6.85982 
311 ,57.7476 ,1.22136 ,0.66148 ,6.49046 
312 ,57.9244 ,1.22318 ,0.64779 ,6.35614 
313 ,58.1159 ,1.22509 ,0.66148 ,6.49046 
314 ,58.2923 ,1.22684 ,0.65806 ,6.45688 
315 ,58.4841 ,1.22871 ,0.62042 ,6.08752 
316 ,58.6604 ,1.23051 ,0.61699 ,6.05394 
317 ,58.8364 ,1.23228 ,0.61699 ,6.05394 
318 ,59.0448 ,1.23433 ,0.58962 ,5.78531 
319 ,59.2207 ,1.23609 ,0.57251 ,5.61742 
320 ,59.3971 ,1.23792 ,0.57935 ,5.68458 
321 ,59.5889 ,1.23971 ,0.56566 ,5.55026 
322 ,59.7649 ,1.24155 ,0.54513 ,5.34879 
323 ,59.9731 ,1.24346 ,0.53828 ,5.28164 
324 ,60.1493 ,1.24535 ,0.53144 ,5.21448 
325 ,60.3573 ,1.24741 ,0.52802 ,5.18090 
326 ,60.5654 ,1.24950 ,0.49037 ,4.81154 
327 ,60.7573 ,1.25143 ,0.50406 ,4.94585 
328 ,60.9336 ,1.25324 ,0.48695 ,4.77796 
329 ,61.1256 ,1.25516 ,0.45957 ,4.50934 
330 ,61.3012 ,1.25701 ,0.46984 ,4.61007 
331 ,61.4776 ,1.25869 ,0.44931 ,4.40860 
332 ,61.6533 ,1.26044 ,0.45273 ,4.44218 
333 ,61.8139 ,1.26213 ,0.43562 ,4.27429 
334 ,62.0056 ,1.26389 ,0.40482 ,3.97208 
335 ,62.1816 ,1.26571 ,0.39797 ,3.90493 
336 ,62.3739 ,1.26756 ,0.40482 ,3.97208 
337 ,62.5823 ,1.26957 ,0.37744 ,3.70346 
338 ,62.7743 ,1.27156 ,0.38429 ,3.77061 
339 ,62.9661 ,1.27352 ,0.36033 ,3.53557 
340 ,63.1585 ,1.27541 ,0.35006 ,3.43483 
341 ,63.3504 ,1.27745 ,0.35006 ,3.43483 
342 ,63.5263 ,1.27911 ,0.32269 ,3.16620 
343 ,63.7028 ,1.28089 ,0.30215 ,2.96473 
344 ,63.8946 ,1.28277 ,0.31242 ,3.06547 
345 ,64.0709 ,1.28460 ,0.29873 ,2.93116 
346 ,64.2787 ,1.28660 ,0.29189 ,2.86400 
347 ,64.4711 ,1.28861 ,0.28847 ,2.83042 
348 ,64.6471 ,1.29032 ,0.26451 ,2.59537 
349 ,64.8393 ,1.29227 ,0.24055 ,2.36032 
350 ,65.0152 ,1.29408 ,0.24055 ,2.36032 
351 ,65.1914 ,1.29580 ,0.23713 ,2.32675 
352 ,65.3835 ,1.29766 ,0.20633 ,2.02454 
353 ,65.5595 ,1.29950 ,0.19264 ,1.89023 
354 ,65.7355 ,1.30122 ,0.18580 ,1.82307 
355 ,65.9276 ,1.30317 ,0.18922 ,1.85665 
356 ,66.1040 ,1.30492 ,0.16527 ,1.62160 
357 ,66.3120 ,1.30689 ,0.16869 ,1.65518 
358 ,66.4876 ,1.30872 ,0.15842 ,1.55445 
359 ,66.6637 ,1.31049 ,0.14131 ,1.38655 
360 ,66.8400 ,1.31230 ,0.12420 ,1.21866 
361 ,67.0322 ,1.31418 ,0.12762 ,1.25224 
362 ,67.2243 ,1.31606 ,0.10367 ,1.01719 
363 ,67.4161 ,1.31794 ,0.11393 ,1.11793 
364 ,67.6084 ,1.31988 ,0.08998 ,0.88288 
365 ,67.7840 ,1.32170 ,0.07287 ,0.71499 
366 ,67.9605 ,1.32349 ,0.07287 ,0.71499 
367 ,68.1364 ,1.32521 ,0.05576 ,0.54710 
368 ,68.3128 ,1.32699 ,0.04549 ,0.44636 
369 ,68.5046 ,1.32884 ,0.03180 ,0.31205 
370 ,68.6807 ,1.33070 ,0.01469 ,0.14416 
371 ,68.8564 ,1.33244 ,0.00443 ,0.04342 
372 ,69.0330 ,1.33423 ,0.00785 ,0.07700 
373 ,69.2410 ,1.33620 ,-0.01269 ,-0.12447 
374 ,69.4331 ,1.33826 ,-0.00242 ,-0.02373 
375 ,69.6091 ,1.33993 ,-0.00584 ,-0.05731 
376 ,69.7852 ,1.34172 ,-0.02295 ,-0.22520 
377 ,69.9933 ,1.34362 ,-0.05033 ,-0.49383 
378 ,70.1695 ,1.34556 ,-0.03664 ,-0.35952 
379 ,70.3616 ,1.34738 ,-0.06060 ,-0.59457 
380 ,70.5534 ,1.34939 ,-0.06744 ,-0.66172 
381 ,70.7297 ,1.35114 ,-0.07428 ,-0.72888 
382 ,70.9217 ,1.35308 ,-0.09482 ,-0.93035 
383 ,71.0817 ,1.35477 ,-0.11877 ,-1.16540 
384 ,71.2578 ,1.35643 ,-0.12219 ,-1.19898 
385 ,71.4500 ,1.35830 ,-0.11193 ,-1.09824 
386 ,71.6421 ,1.36023 ,-0.12904 ,-1.26613 
387 ,71.8342 ,1.36210 ,-0.13246 ,-1.29971 
388 ,72.0261 ,1.36404 ,-0.15299 ,-1.50118 
389 ,72.2022 ,1.36589 ,-0.14957 ,-1.46760 
390 ,72.3781 ,1.36767 ,-0.18037 ,-1.76981 
391 ,72.5862 ,1.36964 ,-0.18379 ,-1.80338 
392 ,72.7784 ,1.37153 ,-0.20090 ,-1.97128 
393 ,72.9706 ,1.37343 ,-0.20090 ,-1.97128 
394 ,73.1622 ,1.37545 ,-0.20090 ,-1.97128 
395 ,73.3387 ,1.37720 ,-0.21459 ,-2.10559 
396 ,73.5304 ,1.37908 ,-0.22828 ,-2.23990 
397 ,73.7070 ,1.38090 ,-0.22144 ,-2.17275 
398 ,73.8829 ,1.38268 ,-0.24539 ,-2.40779 
399 ,74.0430 ,1.38437 ,-0.26593 ,-2.60926 
400 ,74.2187 ,1.38605 ,-0.27961 ,-2.74358 
401 ,74.4114 ,1.38793 ,-0.26250 ,-2.57569 
402 ,74.5869 ,1.38975 ,-0.27619 ,-2.71000 
403 ,74.7632 ,1.39146 ,-0.27961 ,-2.74358 
404 ,74.9553 ,1.39334 ,-0.31041 ,-3.04578 
405 ,75.1634 ,1.39538 ,-0.31726 ,-3.11294 
406 ,75.3551 ,1.39734 ,-0.33437 ,-3.28083 
407 ,75.5315 ,1.39915 ,-0.33095 ,-3.24725 
408 ,75.7396 ,1.40106 ,-0.35490 ,-3.48230 
409 ,75.9158 ,1.40300 ,-0.35490 ,-3.48230 
410 ,76.1077 ,1.40484 ,-0.34806 ,-3.41514 
411 ,76.2838 ,1.40669 ,-0.34806 ,-3.41514 
412 ,76.4758 ,1.40854 ,-0.38912 ,-3.81808 
413 ,76.6678 ,1.41045 ,-0.37544 ,-3.68377 
414 ,76.8442 ,1.41228 ,-0.39597 ,-3.88524 
415 ,77.0359 ,1.41414 ,-0.42677 ,-4.18744 
416 ,77.2281 ,1.41609 ,-0.39939 ,-3.91882 
417 ,77.4199 ,1.41804 ,-0.41992 ,-4.12029 
418 ,77.6125 ,1.41983 ,-0.44730 ,-4.38891 
419 ,77.8204 ,1.42199 ,-0.43361 ,-4.25460 
420 ,77.9965 ,1.42378 ,-0.46441 ,-4.55681 
421 ,78.1886 ,1.42562 ,-0.46099 ,-4.52323 
422 ,78.3807 ,1.42766 ,-0.46783 ,-4.59038 
423 ,78.5404 ,1.42935 ,-0.48837 ,-4.79185 
424 ,78.7329 ,1.43103 ,-0.50206 ,-4.92617 
425 ,78.9408 ,1.43314 ,-0.50548 ,-4.95975 
426 ,79.1326 ,1.43515 ,-0.51917 ,-5.09406 
427 ,79.3247 ,1.43702 ,-0.51917 ,-5.09406 
428 ,79.5013 ,1.43884 ,-0.51232 ,-5.02690 
429 ,79.6931 ,1.44069 ,-0.53285 ,-5.22837 
430 ,79.9172 ,1.44289 ,-0.56365 ,-5.53058 
431 ,80.1094 ,1.44480 ,-0.54997 ,-5.39626 
432 ,80.3175 ,1.44680 ,-0.57392 ,-5.63131 
433 ,80.5096 ,1.44884 ,-0.58419 ,-5.73205 
434 ,80.7014 ,1.45082 ,-0.58419 ,-5.73205 
435 ,80.8775 ,1.45259 ,-0.59103 ,-5.79920 
436 ,81.0537 ,1.45436 ,-0.60814 ,-5.96709 
437 ,81.2616 ,1.45630 ,-0.60130 ,-5.89994 
438 ,81.4699 ,1.45843 ,-0.61499 ,-6.03425 
439 ,81.6621 ,1.46033 ,-0.62868 ,-6.16856 
440 ,81.8540 ,1.46237 ,-0.64579 ,-6.33646 
441 ,82.0459 ,1.46426 ,-0.64236 ,-6.30288 
442 ,82.2223 ,1.46605 ,-0.64236 ,-6.30288 
443 ,82.4305 ,1.46808 ,-0.64921 ,-6.37003 
444 ,82.6384 ,1.47013 ,-0.68001 ,-6.67224 
445 ,82.8300 ,1.47206 ,-0.68685 ,-6.73940 
446 ,83.0066 ,1.47388 ,-0.69027 ,-6.77297 
447 ,83.2145 ,1.47589 ,-0.70396 ,-6.90729 
448 ,83.3907 ,1.47771 ,-0.72107 ,-7.07518 
449 ,83.5664 ,1.47943 ,-0.69712 ,-6.84013 
450 ,83.7427 ,1.48120 ,-0.70396 ,-6.90729 
451 ,83.9345 ,1.48308 ,-0.74161 ,-7.27665 
452 ,84.1111 ,1.48491 ,-0.73134 ,-7.17591 
453 ,84.2871 ,1.48666 ,-0.72792 ,-7.14233 
454 ,84.4789 ,1.48862 ,-0.74161 ,-7.27665 
455 ,84.6552 ,1.49032 ,-0.76214 ,-7.47812 
456 ,84.8472 ,1.49226 ,-0.77583 ,-7.61243 
457 ,85.0233 ,1.49414 ,-0.76214 ,-7.47812 
458 ,85.1834 ,1.49573 ,-0.78267 ,-7.67959 
459 ,85.3595 ,1.49739 ,-0.77583 ,-7.61243 
460 ,85.5357 ,1.49915 ,-0.79978 ,-7.84748 
461 ,85.7276 ,1.50106 ,-0.81347 ,-7.98179 
462 ,85.9359 ,1.50309 ,-0.82716 ,-8.11611 
463 ,86.1276 ,1.50501 ,-0.82716 ,-8.11611 
464 ,86.3039 ,1.50687 ,-0.82032 ,-8.04895 
465 ,86.4959 ,1.50879 ,-0.83401 ,-8.18326 
466 ,86.6879 ,1.51060 ,-0.83401 ,-8.18326 
467 ,86.8802 ,1.51249 ,-0.84769 ,-8.31758 
468 ,87.0718 ,1.51447 ,-0.87507 ,-8.58620 
469 ,87.2644 ,1.51638 ,-0.86481 ,-8.48547 
470 ,87.4724 ,1.51848 ,-0.88876 ,-8.72051 
471 ,87.6645 ,1.52039 ,-0.87507 ,-8.58620 
472 ,87.8562 ,1.52227 ,-0.90587 ,-8.88841 
473 ,88.0327 ,1.52411 ,-0.91614 ,-8.98914 
474 ,88.2248 ,1.52602 ,-0.90929 ,-8.92198 
475 ,88.4008 ,1.52778 ,-0.90929 ,-8.92198 
476 ,88.5926 ,1.52962 ,-0.94009 ,-9.22419 
477 ,88.8009 ,1.53177 ,-0.93325 ,-9.15703 
478 ,88.9768 ,1.53354 ,-0.93325 ,-9.15703 
479 ,89.1691 ,1.53537 ,-0.96063 ,-9.42566 
480 ,89.3771 ,1.53749 ,-0.95720 ,-9.39208 
481 ,89.5853 ,1.53957 ,-0.96405 ,-9.45924 
482 ,89.7933 ,1.54155 ,-0.98800 ,-9.69429 
483 ,89.9854 ,1.54370 ,-0.97774 ,-9.59355 
484 ,90.1454 ,1.54534 ,-0.99485 ,-9.76144 
485 ,90.3211 ,1.54702 ,-1.00854 ,-9.89576 
486 ,90.5135 ,1.54886 ,-1.02222 ,-10.03007 
487 ,90.7056 ,1.55081 ,-1.02907 ,-10.09723 
488 ,90.8816 ,1.55256 ,-1.03249 ,-10.13080 
489 ,91.0734 ,1.55445 ,-1.05302 ,-10.33227 
490 ,91.2499 ,1.55625 ,-1.05987 ,-10.39943 
491 ,91.4416 ,1.55813 ,-1.04960 ,-10.29869 
492 ,91.6340 ,1.56004 ,-1.05302 ,-10.33227 
493 ,91.8262 ,1.56200 ,-1.07014 ,-10.50016 
494 ,92.0341 ,1.56409 ,-1.08040 ,-10.60090 
495 ,92.2104 ,1.56587 ,-1.10778 ,-10.86953 
496 ,92.4025 ,1.56781 ,-1.08382 ,-10.63448 
497 ,92.5944 ,1.56963 ,-1.11462 ,-10.93668 
498 ,92.7706 ,1.57151 ,-1.12489 ,-11.03742 
499 ,92.9466 ,1.57323 ,-1.12831 ,-11.07100 
500 ,93.1706 ,1.57537 ,-1.13858 ,-11.17173 
501 ,93.3465 ,1.57719 ,-1.15569 ,-11.33962 
502 ,93.5229 ,1.57900 ,-1.15227 ,-11.30604 
503 ,93.7309 ,1.58095 ,-1.14200 ,-11.20531 
504 ,93.9068 ,1.58283 ,-1.17280 ,-11.50751 
505 ,94.1151 ,1.58482 ,-1.16938 ,-11.47394 
506 ,94.2911 ,1.58674 ,-1.18307 ,-11.60825 
507 ,94.4670 ,1.58843 ,-1.19333 ,-11.70898 
508 ,94.6749 ,1.59049 ,-1.17622 ,-11.54109 
509 ,94.8673 ,1.59235 ,-1.21729 ,-11.94403 
510 ,95.0595 ,1.59426 ,-1.19676 ,-11.74256 
511 ,95.2515 ,1.59630 ,-1.20702 ,-11.84330 
512 ,95.4597 ,1.59825 ,-1.23098 ,-12.07834 
513 ,95.6518 ,1.60019 ,-1.23782 ,-12.14550 
514 ,95.8438 ,1.60213 ,-1.24467 ,-12.21266 
515 ,96.0199 ,1.60394 ,-1.23440 ,-12.11192 
516 ,96.2121 ,1.60585 ,-1.25151 ,-12.27981 
517 ,96.4040 ,1.60779 ,-1.27889 ,-12.54844 
518 ,96.5802 ,1.60959 ,-1.25835 ,-12.34697 
519 ,96.7722 ,1.61140 ,-1.27547 ,-12.51486 
520 ,96.9804 ,1.61354 ,-1.27889 ,-12.54844 
521 ,97.1724 ,1.61548 ,-1.27547 ,-12.51486 
522 ,97.3482 ,1.61729 ,-1.28915 ,-12.64918 
523 ,97.5405 ,1.61918 ,-1.29600 ,-12.71633 
524 ,97.7166 ,1.62099 ,-1.30626 ,-12.81707 
525 ,97.8923 ,1.62274 ,-1.30969 ,-12.85065 
526 ,98.0848 ,1.62449 ,-1.31311 ,-12.88422 
527 ,98.2769 ,1.62653 ,-1.31995 ,-12.95138 
528 ,98.4849 ,1.62854 ,-1.33706 ,-13.11927 
529 ,98.6610 ,1.63035 ,-1.34733 ,-13.22001 
530 ,98.8531 ,1.63216 ,-1.33706 ,-13.11927 
531 ,99.0449 ,1.63424 ,-1.34733 ,-13.22001 
532 ,99.2210 ,1.63596 ,-1.36444 ,-13.38790 
533 ,99.3970 ,1.63768 ,-1.36444 ,-13.38790 
534 ,99.5893 ,1.63950 ,-1.37129 ,-13.45506 
535 ,99.7653 ,1.64141 ,-1.39866 ,-13.72368 
536 ,99.9416 ,1.64316 ,-1.38497 ,-13.58937 
537 ,100.1335 ,1.64506 ,-1.39524 ,-13.69010 
538 ,100.3258 ,1.64695 ,-1.42262 ,-13.95873 
539 ,100.5177 ,1.64887 ,-1.40209 ,-13.75726 
540 ,100.7098 ,1.65075 ,-1.41577 ,-13.89157 
541 ,100.8858 ,1.65256 ,-1.43288 ,-14.05946 
542 ,101.0936 ,1.65465 ,-1.43973 ,-14.12662 
543 ,101.2858 ,1.65653 ,-1.45684 ,-14.29451 
544 ,101.4781 ,1.65854 ,-1.44315 ,-14.16020 
545 ,101.6541 ,1.66029 ,-1.45000 ,-14.22736 
546 ,101.8463 ,1.66217 ,-1.48080 ,-14.52956 
547 ,102.0384 ,1.66408 ,-1.47395 ,-14.46240 
548 ,102.2306 ,1.66602 ,-1.47053 ,-14.42883 
549 ,102.4225 ,1.66797 ,-1.50817 ,-14.79819 
550 ,102.6146 ,1.66979 ,-1.49791 ,-14.69745 
551 ,102.8224 ,1.67182 ,-1.52186 ,-14.93250 
552 ,103.0148 ,1.67381 ,-1.50133 ,-14.73103 
553 ,103.1909 ,1.67568 ,-1.53555 ,-15.06681 
554 ,103.3668 ,1.67737 ,-1.54239 ,-15.13397 
555 ,103.5589 ,1.67928 ,-1.54239 ,-15.13397 
556 ,103.7352 ,1.68107 ,-1.53555 ,-15.06681 
557 ,103.9431 ,1.68300 ,-1.55608 ,-15.26828 
558 ,104.1188 ,1.68492 ,-1.55608 ,-15.26828 
559 ,104.3112 ,1.68684 ,-1.55266 ,-15.23471 
560 ,104.4872 ,1.68867 ,-1.57319 ,-15.43617 
561 ,104.6794 ,1.69055 ,-1.57662 ,-15.46975 
562 ,104.8875 ,1.69246 ,-1.58688 ,-15.57049 
563 ,105.0795 ,1.69448 ,-1.58346 ,-15.53691 
564 ,105.2715 ,1.69636 ,-1.59373 ,-15.63764 
565 ,105.4473 ,1.69817 ,-1.61084 ,-15.80554 
566 ,105.6238 ,1.69995 ,-1.62453 ,-15.93985 
567 ,105.7999 ,1.70173 ,-1.62110 ,-15.90627 
568 ,105.9758 ,1.70345 ,-1.61426 ,-15.83911 
569 ,106.1519 ,1.70525 ,-1.61426 ,-15.83911 
570 ,106.3439 ,1.70716 ,-1.65190 ,-16.20848 
571 ,106.5357 ,1.70903 ,-1.62795 ,-15.97343 
572 ,106.7121 ,1.71086 ,-1.63479 ,-16.04058 
573 ,106.8880 ,1.71260 ,-1.65533 ,-16.24205 
574 ,107.0644 ,1.71435 ,-1.66901 ,-16.37637 
575 ,107.2563 ,1.71617 ,-1.65190 ,-16.20848 
576 ,107.4486 ,1.71825 ,-1.66901 ,-16.37637 
577 ,107.6405 ,1.72012 ,-1.67928 ,-16.47710 
578 ,107.8168 ,1.72185 ,-1.68613 ,-16.54426 
579 ,108.0090 ,1.72373 ,-1.69297 ,-16.61142 
580 ,108.2166 ,1.72580 ,-1.69297 ,-16.61142 
581 ,108.3931 ,1.72766 ,-1.69981 ,-16.67857 
582 ,108.5852 ,1.72951 ,-1.71692 ,-16.84646 
583 ,108.7771 ,1.73142 ,-1.70666 ,-16.74573 
584 ,108.9693 ,1.73338 ,-1.71350 ,-16.81289 
585 ,109.1453 ,1.73516 ,-1.72719 ,-16.94720 
586 ,109.3214 ,1.73690 ,-1.74088 ,-17.08151 
587 ,109.5135 ,1.73878 ,-1.73746 ,-17.04793 
588 ,109.6891 ,1.74057 ,-1.73746 ,-17.04793 
589 ,109.8656 ,1.74233 ,-1.75799 ,-17.24940 
590 ,110.0577 ,1.74421 ,-1.75457 ,-17.21582 
591 ,110.2498 ,1.74615 ,-1.76141 ,-17.28298 
592 ,110.4739 ,1.74824 ,-1.76826 ,-17.35014 
593 ,110.6654 ,1.75026 ,-1.78537 ,-17.51803 
594 ,110.8414 ,1.75217 ,-1.78537 ,-17.51803 
595 ,111.0175 ,1.75394 ,-1.78879 ,-17.55161 
596 ,111.2100 ,1.75570 ,-1.80248 ,-17.68592 
597 ,111.4337 ,1.75803 ,-1.80248 ,-17.68592 
598 ,111.6421 ,1.75996 ,-1.82301 ,-17.88739 
599 ,111.8504 ,1.76211 ,-1.82301 ,-17.88739 
600 ,112.0266 ,1.76393 ,-1.82301 ,-17.88739 
601 ,112.2345 ,1.76605 ,-1.82643 ,-17.92097 
602 ,112.4263 ,1.76794 ,-1.83328 ,-17.98813 
603 ,112.6187 ,1.76978 ,-1.85039 ,-18.15602 
604 ,112.8268 ,1.77179 ,-1.87434 ,-18.39107 
605 ,113.0023 ,1.77374 ,-1.87092 ,-18.35749 
606 ,113.1789 ,1.77551 ,-1.87434 ,-18.39107 
607 ,113.3710 ,1.77740 ,-1.87092 ,-18.35749 
608 ,113.5630 ,1.77930 ,-1.88119 ,-18.45822 
609 ,113.7392 ,1.78108 ,-1.89146 ,-18.55896 
610 ,113.9631 ,1.78328 ,-1.89488 ,-18.59254 
611 ,114.1393 ,1.78505 ,-1.89488 ,-18.59254 
612 ,114.3314 ,1.78702 ,-1.90514 ,-18.69327 
613 ,114.5395 ,1.78892 ,-1.92225 ,-18.86116 
614 ,114.7315 ,1.79102 ,-1.90857 ,-18.72685 
615 ,114.8913 ,1.79268 ,-1.90514 ,-18.69327 
616 ,115.0677 ,1.79435 ,-1.92568 ,-18.89474 
617 ,115.2758 ,1.79639 ,-1.93937 ,-19.02905 
618 ,115.4836 ,1.79846 ,-1.93594 ,-18.99547 
619 ,115.6920 ,1.80042 ,-1.95648 ,-19.19694 
620 ,115.8680 ,1.80241 ,-1.94621 ,-19.09621 
621 ,116.0599 ,1.80424 ,-1.95648 ,-19.19694 
622 ,116.2520 ,1.80620 ,-1.95305 ,-19.16337 
623 ,116.4282 ,1.80794 ,-1.96674 ,-19.29768 
624 ,116.6044 ,1.80973 ,-1.97016 ,-19.33126 
625 ,116.7804 ,1.81152 ,-1.97701 ,-19.39841 
626 ,116.9721 ,1.81340 ,-1.99412 ,-19.56631 
627 ,117.1644 ,1.81524 ,-1.98728 ,-19.49915 
628 ,117.3245 ,1.81702 ,-1.99754 ,-19.59988 
629 ,117.5006 ,1.81867 ,-2.01123 ,-19.73420 
630 ,117.6767 ,1.82043 ,-2.01465 ,-19.76778 
631 ,117.8526 ,1.82219 ,-2.03861 ,-20.00282 
632 ,118.0285 ,1.82391 ,-2.02492 ,-19.86851 
633 ,118.2209 ,1.82581 ,-2.02492 ,-19.86851 
634 ,118.3970 ,1.82769 ,-2.05914 ,-20.20429 
635 ,118.5731 ,1.82942 ,-2.05572 ,-20.17072 
636 ,118.7651 ,1.83132 ,-2.03519 ,-19.96925 
637 ,118.9571 ,1.83315 ,-2.06941 ,-20.30503 
638 ,119.1333 ,1.83498 ,-2.07625 ,-20.37219 
639 ,119.3094 ,1.83674 ,-2.07625 ,-20.37219 
640 ,119.4853 ,1.83855 ,-2.07625 ,-20.37219 
641 ,119.6615 ,1.84027 ,-2.06599 ,-20.27145 
642 ,119.8532 ,1.84216 ,-2.08994 ,-20.50650 
643 ,120.0457 ,1.84398 ,-2.09336 ,-20.54008 
644 ,120.2377 ,1.84602 ,-2.10705 ,-20.67439 
645 ,120.4294 ,1.84785 ,-2.10705 ,-20.67439 
646 ,120.6215 ,1.84978 ,-2.12074 ,-20.80870 
647 ,120.7980 ,1.85158 ,-2.10021 ,-20.60723 
648 ,120.9898 ,1.85347 ,-2.12416 ,-20.84228 
649 ,121.2144 ,1.85564 ,-2.13443 ,-20.94302 
650 ,121.3741 ,1.85751 ,-2.13443 ,-20.94302 
651 ,121.5663 ,1.85924 ,-2.13101 ,-20.90944 
652 ,121.7423 ,1.86108 ,-2.13101 ,-20.90944 
653 ,121.9341 ,1.86295 ,-2.14127 ,-21.01017 
654 ,122.1100 ,1.86472 ,-2.16523 ,-21.24522 
655 ,122.2860 ,1.86647 ,-2.15496 ,-21.14449 
656 ,122.4783 ,1.86834 ,-2.15838 ,-21.17806 
657 ,122.6546 ,1.87023 ,-2.17207 ,-21.31238 
658 ,122.8467 ,1.87208 ,-2.16865 ,-21.27880 
659 ,123.0227 ,1.87386 ,-2.16865 ,-21.27880 
660 ,123.2305 ,1.87593 ,-2.18234 ,-21.41311 
661 ,123.4225 ,1.87780 ,-2.17207 ,-21.31238 
662 ,123.6147 ,1.87969 ,-2.18918 ,-21.48027 
663 ,123.7907 ,1.88153 ,-2.18576 ,-21.44669 
664 ,123.9831 ,1.88340 ,-2.19945 ,-21.58100 
665 ,124.1588 ,1.88523 ,-2.19945 ,-21.58100 
666 ,124.3511 ,1.88710 ,-2.21656 ,-21.74890 
667 ,124.5270 ,1.88888 ,-2.23025 ,-21.88321 
668 ,124.7033 ,1.89064 ,-2.22683 ,-21.84963 
669 ,124.8954 ,1.89264 ,-2.21656 ,-21.74890 
670 ,125.0877 ,1.89453 ,-2.24394 ,-22.01752 
671 ,125.2797 ,1.89637 ,-2.23367 ,-21.91679 
672 ,125.5039 ,1.89854 ,-2.23709 ,-21.95037 
673 ,125.6800 ,1.90041 ,-2.25420 ,-22.11826 
674 ,125.8556 ,1.90221 ,-2.26447 ,-22.21899 
675 ,126.0321 ,1.90395 ,-2.26447 ,-22.21899 
676 ,126.2402 ,1.90596 ,-2.25763 ,-22.15184 
677 ,126.4323 ,1.90788 ,-2.29185 ,-22.48762 
678 ,126.6243 ,1.90988 ,-2.29869 ,-22.55477 
679 ,126.8003 ,1.91167 ,-2.28158 ,-22.38688 
680 ,127.0086 ,1.91364 ,-2.29527 ,-22.52120 
681 ,127.2005 ,1.91568 ,-2.30212 ,-22.58835 
682 ,127.3763 ,1.91743 ,-2.29185 ,-22.48762 
683 ,127.5526 ,1.91918 ,-2.31580 ,-22.72267 
684 ,127.7608 ,1.92113 ,-2.31923 ,-22.75624 
685 ,127.9524 ,1.92314 ,-2.32265 ,-22.78982 
686 ,128.1289 ,1.92492 ,-2.33291 ,-22.89056 
687 ,128.3209 ,1.92685 ,-2.33976 ,-22.95771 
688 ,128.4970 ,1.92862 ,-2.34660 ,-23.02487 
689 ,128.6732 ,1.93036 ,-2.33976 ,-22.95771 
690 ,128.8493 ,1.93218 ,-2.35687 ,-23.12561 
691 ,129.0409 ,1.93399 ,-2.37398 ,-23.29350 
692 ,129.2330 ,1.93590 ,-2.36714 ,-23.22634 
693 ,129.4255 ,1.93781 ,-2.36714 ,-23.22634 
694 ,129.6173 ,1.93977 ,-2.37056 ,-23.25992 
695 ,129.7934 ,1.94155 ,-2.37056 ,-23.25992 
696 ,129.9697 ,1.94332 ,-2.38767 ,-23.42781 
697 ,130.1614 ,1.94514 ,-2.38767 ,-23.42781 
698 ,130.3538 ,1.94712 ,-2.38767 ,-23.42781 
699 ,130.5777 ,1.94925 ,-2.39794 ,-23.52855 
700 ,130.7539 ,1.95117 ,-2.39794 ,-23.52855 
701 ,130.9301 ,1.95294 ,-2.40478 ,-23.59570 
702 ,131.1220 ,1.95483 ,-2.43216 ,-23.86433 
703 ,131.2981 ,1.95654 ,-2.42531 ,-23.79717 
704 ,131.4742 ,1.95833 ,-2.42531 ,-23.79717 
705 ,131.6501 ,1.96015 ,-2.42531 ,-23.79717 
706 ,131.8424 ,1.96191 ,-2.43558 ,-23.89791 
707 ,132.0345 ,1.96395 ,-2.43558 ,-23.89791 
708 ,132.2263 ,1.96579 ,-2.45269 ,-24.06580 
709 ,132.4186 ,1.96779 ,-2.45611 ,-24.09938 
710 ,132.6107 ,1.96971 ,-2.43558 ,-23.89791 
711 ,132.7865 ,1.97149 ,-2.45611 ,-24.09938 
712 ,132.9625 ,1.97320 ,-2.46296 ,-24.16653 
713 ,133.1390 ,1.97503 ,-2.48007 ,-24.33442 
714 ,133.3308 ,1.97696 ,-2.45953 ,-24.13295 
715 ,133.5232 ,1.97882 ,-2.48007 ,-24.33442 
716 ,133.7151 ,1.98080 ,-2.46296 ,-24.16653 
717 ,133.8912 ,1.98251 ,-2.48007 ,-24.33442 
718 ,134.0993 ,1.98454 ,-2.49376 ,-24.46874 
719 ,134.2913 ,1.98649 ,-2.49033 ,-24.43516 
720 ,134.4671 ,1.98840 ,-2.50745 ,-24.60305 
721 ,134.6593 ,1.99013 ,-2.51429 ,-24.67021 
722 ,134.8516 ,1.99211 ,-2.51429 ,-24.67021 
723 ,135.0596 ,1.99402 ,-2.51087 ,-24.63663 
724 ,135.2356 ,1.99598 ,-2.52456 ,-24.77094 
725 ,135.4598 ,1.99808 ,-2.54167 ,-24.93883 
726 ,135.6360 ,1.99994 ,-2.55536 ,-25.07315 
727 ,135.8442 ,2.00188 ,-2.53824 ,-24.90526 
728 ,136.0360 ,2.00392 ,-2.54851 ,-25.00599 
729 ,136.2280 ,2.00583 ,-2.55536 ,-25.07315 
730 ,136.4201 ,2.00771 ,-2.56904 ,-25.20746 
731 ,136.6121 ,2.00971 ,-2.54851 ,-25.00599 
732 ,136.7885 ,2.01151 ,-2.56904 ,-25.20746 
733 ,136.9805 ,2.01338 ,-2.59300 ,-25.44251 
734 ,137.1565 ,2.01519 ,-2.59300 ,-25.44251 
735 ,137.3327 ,2.01692 ,-2.57589 ,-25.27462 
736 ,137.5248 ,2.01885 ,-2.59642 ,-25.47609 
737 ,137.7008 ,2.02064 ,-2.59984 ,-25.50967 
738 ,137.8768 ,2.02234 ,-2.61011 ,-25.61040 
739 ,138.0687 ,2.02417 ,-2.59984 ,-25.50967 
740 ,138.2610 ,2.02618 ,-2.62038 ,-25.71114 
741 ,138.4370 ,2.02796 ,-2.63064 ,-25.81187 
742 ,138.6131 ,2.02972 ,-2.61695 ,-25.67756 
743 ,138.7890 ,2.03147 ,-2.61695 ,-25.67756 
744 ,138.9814 ,2.03341 ,-2.62722 ,-25.77829 
745 ,139.1893 ,2.03539 ,-2.64433 ,-25.94618 
746 ,139.3655 ,2.03724 ,-2.63749 ,-25.87903 
747 ,139.5734 ,2.03928 ,-2.64775 ,-25.97976 
748 ,139.7496 ,2.04110 ,-2.65460 ,-26.04692 
749 ,139.9256 ,2.04290 ,-2.66144 ,-26.11407 
750 ,140.1175 ,2.04467 ,-2.65460 ,-26.04692 
751 ,140.3100 ,2.04663 ,-2.66144 ,-26.11407 
752 ,140.4856 ,2.04842 ,-2.66144 ,-26.11407 
753 ,140.6778 ,2.05030 ,-2.67855 ,-26.28197 
754 ,140.8697 ,2.05227 ,-2.67513 ,-26.24839 
755 ,141.0619 ,2.05408 ,-2.68882 ,-26.38270 
756 ,141.2703 ,2.05620 ,-2.67171 ,-26.21481 
757 ,141.4782 ,2.05829 ,-2.69566 ,-26.44986 
758 ,141.6544 ,2.06011 ,-2.70593 ,-26.55059 
759 ,141.8462 ,2.06209 ,-2.71278 ,-26.61775 
760 ,142.0225 ,2.06378 ,-2.70935 ,-26.58417 
761 ,142.1985 ,2.06559 ,-2.71620 ,-26.65133 
762 ,142.3907 ,2.06741 ,-2.70251 ,-26.51701 
763 ,142.5828 ,2.06937 ,-2.72646 ,-26.75206 
764 ,142.7909 ,2.07138 ,-2.74357 ,-26.91995 
765 ,142.9827 ,2.07333 ,-2.73673 ,-26.85280 
766 ,143.1911 ,2.07546 ,-2.73331 ,-26.81922 
767 ,143.3827 ,2.07741 ,-2.73673 ,-26.85280 
768 ,143.5592 ,2.07915 ,-2.74700 ,-26.95353 
769 ,143.7512 ,2.08104 ,-2.75042 ,-26.98711 
770 ,143.9270 ,2.08282 ,-2.75726 ,-27.05427 
771 ,144.1031 ,2.08463 ,-2.76069 ,-27.08785 
772 ,144.2795 ,2.08639 ,-2.78122 ,-27.28932 
773 ,144.4874 ,2.08834 ,-2.76069 ,-27.08785 
774 ,144.6636 ,2.09019 ,-2.76411 ,-27.12142 
775 ,144.8397 ,2.09196 ,-2.78464 ,-27.32289 
776 ,145.0318 ,2.09390 ,-2.79491 ,-27.42363 
777 ,145.2234 ,2.09572 ,-2.79148 ,-27.39005 
778 ,145.3999 ,2.09750 ,-2.81202 ,-27.59152 
779 ,145.6079 ,2.09957 ,-2.79833 ,-27.45721 
780 ,145.8001 ,2.10148 ,-2.81544 ,-27.62510 
781 ,145.9922 ,2.10337 ,-2.82228 ,-27.69225 
782 ,146.2002 ,2.10548 ,-2.82913 ,-27.75941 
783 ,146.3764 ,2.10728 ,-2.83255 ,-27.79299 
784 ,146.5843 ,2.10938 ,-2.83597 ,-27.82657 
785 ,146.7604 ,2.11120 ,-2.82571 ,-27.72583 
786 ,146.9365 ,2.11292 ,-2.85651 ,-28.02804 
787 ,147.1447 ,2.11486 ,-2.82913 ,-27.75941 
788 ,147.3203 ,2.11681 ,-2.85651 ,-28.02804 
789 ,147.5130 ,2.11859 ,-2.85651 ,-28.02804 
790 ,147.7048 ,2.12064 ,-2.87019 ,-28.16235 
791 ,147.8805 ,2.12236 ,-2.86335 ,-28.09519 
792 ,148.0568 ,2.12407 ,-2.86335 ,-28.09519 
793 ,148.2331 ,2.12587 ,-2.88046 ,-28.26309 
794 ,148.4090 ,2.12765 ,-2.87019 ,-28.16235 
795 ,148.6013 ,2.12955 ,-2.88388 ,-28.29666 
796 ,148.7929 ,2.13146 ,-2.89415 ,-28.39740 
797 ,148.9693 ,2.13321 ,-2.89415 ,-28.39740 
798 ,149.1453 ,2.13498 ,-2.87704 ,-28.22951 
799 ,149.3214 ,2.13675 ,-2.88388 ,-28.29666 
800 ,149.4972 ,2.13851 ,-2.90442 ,-28.49813 
801 ,149.6735 ,2.14028 ,-2.91468 ,-28.59887 
802 ,149.8497 ,2.14205 ,-2.90784 ,-28.53171 
803 ,150.0418 ,2.14390 ,-2.91468 ,-28.59887 
804 ,150.2340 ,2.14590 ,-2.92837 ,-28.73318 
805 ,150.4259 ,2.14778 ,-2.91126 ,-28.56529 
806 ,150.6176 ,2.14960 ,-2.91126 ,-28.56529 
807 ,150.8102 ,2.15156 ,-2.93179 ,-28.76676 
808 ,151.0183 ,2.15366 ,-2.94206 ,-28.86750 
809 ,151.2105 ,2.15568 ,-2.93864 ,-28.83392 
810 ,151.3863 ,2.15742 ,-2.92495 ,-28.69960 
811 ,151.5784 ,2.15935 ,-2.93179 ,-28.76676 
812 ,151.7542 ,2.16115 ,-2.95575 ,-29.00181 
813 ,151.9307 ,2.16287 ,-2.96944 ,-29.13612 
814 ,152.1228 ,2.16481 ,-2.95233 ,-28.96823 
815 ,152.3145 ,2.16660 ,-2.97970 ,-29.23686 
816 ,152.5070 ,2.16854 ,-2.95575 ,-29.00181 
817 ,152.6990 ,2.17048 ,-2.98313 ,-29.27043 
818 ,152.8906 ,2.17236 ,-2.97970 ,-29.23686 
819 ,153.0670 ,2.17418 ,-2.99339 ,-29.37117 
820 ,153.2592 ,2.17613 ,-2.97970 ,-29.23686 
821 ,153.4509 ,2.17810 ,-3.00024 ,-29.43833 
822 ,153.6433 ,2.17989 ,-2.99339 ,-29.37117 
823 ,153.8189 ,2.18182 ,-3.01735 ,-29.60622 
824 ,153.9954 ,2.18343 ,-3.00024 ,-29.43833 
825 ,154.1872 ,2.18537 ,-3.01393 ,-29.57264 
826 ,154.3635 ,2.18714 ,-3.00708 ,-29.50548 
827 ,154.5556 ,2.18907 ,-3.02419 ,-29.67337 
828 ,154.7318 ,2.19085 ,-3.03104 ,-29.74053 
829 ,154.9234 ,2.19266 ,-3.03104 ,-29.74053 
830 ,155.1000 ,2.19454 ,-3.03446 ,-29.77411 
831 ,155.2916 ,2.19639 ,-3.05841 ,-30.00916 
832 ,155.4680 ,2.19818 ,-3.05157 ,-29.94200 
833 ,155.6601 ,2.20002 ,-3.04473 ,-29.87484 
834 ,155.8522 ,2.20193 ,-3.06868 ,-30.10989 
835 ,156.0761 ,2.20420 ,-3.07210 ,-30.14347 
836 ,156.2524 ,2.20605 ,-3.07895 ,-30.21063 
837 ,156.4444 ,2.20788 ,-3.06184 ,-30.04274 
838 ,156.6204 ,2.20970 ,-3.07210 ,-30.14347 
839 ,156.7966 ,2.21148 ,-3.07552 ,-30.17705 
840 ,156.9886 ,2.21336 ,-3.09948 ,-30.41210 
841 ,157.1647 ,2.21519 ,-3.09264 ,-30.34494 
842 ,157.3565 ,2.21713 ,-3.07895 ,-30.21063 
843 ,157.5489 ,2.21894 ,-3.10290 ,-30.44568 
844 ,157.7246 ,2.22072 ,-3.08921 ,-30.31136 
845 ,157.9006 ,2.22257 ,-3.10975 ,-30.51283 
846 ,158.0767 ,2.22427 ,-3.10632 ,-30.47925 
847 ,158.2526 ,2.22611 ,-3.12686 ,-30.68072 
848 ,158.4288 ,2.22783 ,-3.12001 ,-30.61357 
849 ,158.6207 ,2.22964 ,-3.10632 ,-30.47925 
850 ,158.8130 ,2.23158 ,-3.13712 ,-30.78146 
851 ,159.0055 ,2.23349 ,-3.12344 ,-30.64715 
852 ,159.1971 ,2.23554 ,-3.13028 ,-30.71430 
853 ,159.3733 ,2.23725 ,-3.12001 ,-30.61357 
854 ,159.5494 ,2.23901 ,-3.15766 ,-30.98293 
855 ,159.7259 ,2.24073 ,-3.14397 ,-30.84862 
856 ,159.9176 ,2.24268 ,-3.13712 ,-30.78146 
857 ,160.0938 ,2.24445 ,-3.13712 ,-30.78146 
858 ,160.2855 ,2.24627 ,-3.14739 ,-30.88219 
859 ,160.4621 ,2.24819 ,-3.14739 ,-30.88219 
860 ,160.6702 ,2.25010 ,-3.16792 ,-31.08366 
861 ,160.8623 ,2.25210 ,-3.15766 ,-30.98293 
862 ,161.0543 ,2.25404 ,-3.18161 ,-31.21798 
863 ,161.2624 ,2.25599 ,-3.17477 ,-31.15082 
864 ,161.4542 ,2.25796 ,-3.18161 ,-31.21798 
865 ,161.6306 ,2.25982 ,-3.19872 ,-31.38587 
866 ,161.8386 ,2.26175 ,-3.19530 ,-31.35229 
867 ,162.0308 ,2.26370 ,-3.20214 ,-31.41945 
868 ,162.2229 ,2.26570 ,-3.20557 ,-31.45302 
869 ,162.4145 ,2.26755 ,-3.21241 ,-31.52018 
870 ,162.5910 ,2.26943 ,-3.20899 ,-31.48660 
871 ,162.7831 ,2.27131 ,-3.21583 ,-31.55376 
872 ,162.9590 ,2.27312 ,-3.20899 ,-31.48660 
873 ,163.1513 ,2.27488 ,-3.21926 ,-31.58734 
874 ,163.3271 ,2.27680 ,-3.21241 ,-31.52018 
875 ,163.5029 ,2.27852 ,-3.23637 ,-31.75523 
876 ,163.6792 ,2.28030 ,-3.22610 ,-31.65449 
877 ,163.8554 ,2.28201 ,-3.22952 ,-31.68807 
878 ,164.0315 ,2.28384 ,-3.23637 ,-31.75523 
879 ,164.2232 ,2.28565 ,-3.25348 ,-31.92312 
880 ,164.3998 ,2.28749 ,-3.23294 ,-31.72165 
881 ,164.5757 ,2.28928 ,-3.26717 ,-32.05743 
882 ,164.7675 ,2.29109 ,-3.27059 ,-32.09101 
883 ,164.9759 ,2.29317 ,-3.25348 ,-31.92312 
884 ,165.1680 ,2.29513 ,-3.27743 ,-32.15817 
885 ,165.3599 ,2.29709 ,-3.26032 ,-31.99028 
886 ,165.5362 ,2.29883 ,-3.26032 ,-31.99028 
887 ,165.7440 ,2.30087 ,-3.26374 ,-32.02386 
888 ,165.9202 ,2.30266 ,-3.28085 ,-32.19175 
889 ,166.0962 ,2.30444 ,-3.26374 ,-32.02386 
890 ,166.2725 ,2.30622 ,-3.28428 ,-32.22533 
891 ,166.4645 ,2.30804 ,-3.29112 ,-32.29248 
892 ,166.6407 ,2.30989 ,-3.28770 ,-32.25890 
893 ,166.8166 ,2.31168 ,-3.29797 ,-32.35964 
894 ,166.9927 ,2.31339 ,-3.29454 ,-32.32606 
895 ,167.1689 ,2.31512 ,-3.30481 ,-32.42680 
896 ,167.3768 ,2.31715 ,-3.30481 ,-32.42680 
897 ,167.5529 ,2.31900 ,-3.29112 ,-32.29248 
898 ,167.7451 ,2.32087 ,-3.32877 ,-32.66184 
899 ,167.9532 ,2.32295 ,-3.31165 ,-32.49395 
900 ,168.1452 ,2.32483 ,-3.31850 ,-32.56111 
901 ,168.3214 ,2.32668 ,-3.33561 ,-32.72900 
902 ,168.5134 ,2.32853 ,-3.32534 ,-32.62827 
903 ,168.7056 ,2.33057 ,-3.32877 ,-32.66184 
904 ,168.8810 ,2.33229 ,-3.34930 ,-32.86331 
905 ,169.0736 ,2.33412 ,-3.33219 ,-32.69542 
906 ,169.2657 ,2.33619 ,-3.34245 ,-32.79616 
907 ,169.4416 ,2.33788 ,-3.35614 ,-32.93047 
908 ,169.6337 ,2.33981 ,-3.34245 ,-32.79616 
909 ,169.8258 ,2.34169 ,-3.35956 ,-32.96405 
910 ,170.0015 ,2.34350 ,-3.36299 ,-32.99763 
911 ,170.1779 ,2.34528 ,-3.36641 ,-33.03120 
912 ,170.3700 ,2.34720 ,-3.36983 ,-33.06478 
913 ,170.5622 ,2.34900 ,-3.36299 ,-32.99763 
914 ,170.7541 ,2.35102 ,-3.36299 ,-32.99763 
915 ,170.9458 ,2.35287 ,-3.37668 ,-33.13194 
916 ,171.1379 ,2.35474 ,-3.38694 ,-33.23267 
917 ,171.3299 ,2.35669 ,-3.36983 ,-33.06478 
918 ,171.5060 ,2.35852 ,-3.38694 ,-33.23267 
919 ,171.6981 ,2.36038 ,-3.40405 ,-33.40057 
920 ,171.9064 ,2.36236 ,-3.39036 ,-33.26625 
921 ,172.1309 ,2.36472 ,-3.39379 ,-33.29983 
922 ,172.3549 ,2.36693 ,-3.40405 ,-33.40057 
923 ,172.5310 ,2.36876 ,-3.39721 ,-33.33341 
924 ,172.7070 ,2.37048 ,-3.41090 ,-33.46772 
925 ,172.8830 ,2.37230 ,-3.42116 ,-33.56846 
926 ,173.0751 ,2.37413 ,-3.41432 ,-33.50130 
927 ,173.2510 ,2.37596 ,-3.42459 ,-33.60204 
928 ,173.4433 ,2.37783 ,-3.43827 ,-33.73635 
929 ,173.6354 ,2.37990 ,-3.42801 ,-33.63561 
930 ,173.8119 ,2.38159 ,-3.42459 ,-33.60204 
931 ,173.9875 ,2.38328 ,-3.42801 ,-33.63561 
932 ,174.1796 ,2.38514 ,-3.44170 ,-33.76993 
933 ,174.3713 ,2.38704 ,-3.43485 ,-33.70277 
934 ,174.5637 ,2.38899 ,-3.45539 ,-33.90424 
935 ,174.7399 ,2.39089 ,-3.46907 ,-34.03855 
936 ,174.8995 ,2.39253 ,-3.46223 ,-33.97140 
937 ,175.0920 ,2.39424 ,-3.45881 ,-33.93782 
938 ,175.3001 ,2.39632 ,-3.46223 ,-33.97140 
939 ,175.4756 ,2.39825 ,-3.44512 ,-33.80351 
940 ,175.6683 ,2.40004 ,-3.46565 ,-34.00498 
941 ,175.8761 ,2.40210 ,-3.46907 ,-34.03855 
942 ,176.0685 ,2.40403 ,-3.46907 ,-34.03855 
943 ,176.2765 ,2.40613 ,-3.46907 ,-34.03855 
944 ,176.4686 ,2.40804 ,-3.47250 ,-34.07213 
945 ,176.6606 ,2.41010 ,-3.49645 ,-34.30718 
946 ,176.8527 ,2.41195 ,-3.48961 ,-34.24002 
947 ,177.0287 ,2.41371 ,-3.49303 ,-34.27360 
948 ,177.2050 ,2.41546 ,-3.48276 ,-34.17287 
949 ,177.3970 ,2.41739 ,-3.50672 ,-34.40792 
950 ,177.5887 ,2.41922 ,-3.49645 ,-34.30718 
951 ,177.7651 ,2.42113 ,-3.52383 ,-34.57581 
952 ,177.9571 ,2.42298 ,-3.52383 ,-34.57581 
953 ,178.1492 ,2.42488 ,-3.51014 ,-34.44149 
954 ,178.3414 ,2.42686 ,-3.52383 ,-34.57581 
955 ,178.5495 ,2.42891 ,-3.50672 ,-34.40792 
956 ,178.7413 ,2.43084 ,-3.53410 ,-34.67654 
957 ,178.9178 ,2.43256 ,-3.53752 ,-34.71012 
958 ,179.1256 ,2.43454 ,-3.53752 ,-34.71012 
959 ,179.3017 ,2.43642 ,-3.53410 ,-34.67654 
960 ,179.4777 ,2.43821 ,-3.53067 ,-34.64296 
961 ,179.6695 ,2.44002 ,-3.52041 ,-34.54223 
962 ,179.8458 ,2.44187 ,-3.53752 ,-34.71012 
963 ,180.0219 ,2.44367 ,-3.54094 ,-34.74370 
964 ,180.1980 ,2.44539 ,-3.55805 ,-34.91159 
965 ,180.3901 ,2.44725 ,-3.54436 ,-34.77728 
966 ,180.5822 ,2.44919 ,-3.56489 ,-34.97875 
967 ,180.7583 ,2.45098 ,-3.56489 ,-34.97875 
968 ,180.9502 ,2.45289 ,-3.55121 ,-34.84443 
969 ,181.1424 ,2.45484 ,-3.56489 ,-34.97875 
970 ,181.3345 ,2.45674 ,-3.58201 ,-35.14664 
971 ,181.5108 ,2.45853 ,-3.56489 ,-34.97875 
972 ,181.7028 ,2.46046 ,-3.57516 ,-35.07948 
973 ,181.9105 ,2.46245 ,-3.56832 ,-35.01232 
974 ,182.0864 ,2.46433 ,-3.58543 ,-35.18022 
975 ,182.2627 ,2.46605 ,-3.56832 ,-35.01232 
976 ,182.4386 ,2.46780 ,-3.58201 ,-35.14664 
977 ,182.6152 ,2.46955 ,-3.59569 ,-35.28095 
978 ,182.8232 ,2.47158 ,-3.58201 ,-35.14664 
979 ,183.0150 ,2.47362 ,-3.57858 ,-35.11306 
980 ,183.1914 ,2.47532 ,-3.59227 ,-35.24737 
981 ,183.3834 ,2.47717 ,-3.59227 ,-35.24737 
982 ,183.5754 ,2.47910 ,-3.58543 ,-35.18022 
983 ,183.7673 ,2.48096 ,-3.59912 ,-35.31453 
984 ,183.9436 ,2.48282 ,-3.58543 ,-35.18022 
985 ,184.1195 ,2.48456 ,-3.58543 ,-35.18022 
986 ,184.2956 ,2.48636 ,-3.59912 ,-35.31453 
987 ,184.4878 ,2.48819 ,-3.58201 ,-35.14664 
988 ,184.6794 ,2.49012 ,-3.59912 ,-35.31453 
989 ,184.8559 ,2.49200 ,-3.58543 ,-35.18022 
990 ,185.0638 ,2.49401 ,-3.58543 ,-35.18022 
991 ,185.2721 ,2.49596 ,-3.59912 ,-35.31453 
992 ,185.4641 ,2.49803 ,-3.56832 ,-35.01232 
993 ,185.6403 ,2.49980 ,-3.55463 ,-34.87801 
994 ,185.8480 ,2.50182 ,-3.55463 ,-34.87801 
995 ,186.0244 ,2.50363 ,-3.52041 ,-34.54223 
996 ,186.2161 ,2.50555 ,-3.49303 ,-34.27360 
997 ,186.3925 ,2.50735 ,-3.48276 ,-34.17287 
998 ,186.6003 ,2.50931 ,-3.40747 ,-33.43414 
999 ,186.7928 ,2.51121 ,-3.30823 ,-32.46037 
1000 ,186.9845 ,2.51328 ,0.59304 ,5.81889 
1001 ,187.1767 ,2.51510 ,0.60673 ,5.95320 
1002 ,187.3527 ,2.51692 ,0.58962 ,5.78531 
1003 ,187.5290 ,2.51863 ,0.60330 ,5.91962 
1004 ,187.7368 ,2.52061 ,0.60673 ,5.95320 
1005 ,187.9291 ,2.52262 ,0.62042 ,6.08752 
1006 ,188.1052 ,2.52444 ,0.60673 ,5.95320 
1007 ,188.2813 ,2.52621 ,0.62384 ,6.12109 
1008 ,188.4573 ,2.52799 ,0.60673 ,5.95320 
1009 ,188.6335 ,2.52975 ,0.60330 ,5.91962 
1010 ,188.8255 ,2.53164 ,0.60673 ,5.95320 
1011 ,189.0176 ,2.53349 ,0.60673 ,5.95320 
1012 ,189.2257 ,2.53559 ,0.59988 ,5.88605 
1013 ,189.4175 ,2.53744 ,0.60673 ,5.95320 
1014 ,189.6100 ,2.53947 ,0.59646 ,5.85247 
1015 ,189.8020 ,2.54138 ,0.61357 ,6.02036 
1016 ,189.9940 ,2.54330 ,0.59646 ,5.85247 
1017 ,190.1859 ,2.54516 ,0.60330 ,5.91962 
1018 ,190.3621 ,2.54701 ,0.61357 ,6.02036 
1019 ,190.5537 ,2.54883 ,0.59988 ,5.88605 
1020 ,190.7303 ,2.55068 ,0.60330 ,5.91962 
1021 ,190.9224 ,2.55256 ,0.61699 ,6.05394 
1022 ,191.1143 ,2.55445 ,0.59988 ,5.88605 
1023 ,191.3063 ,2.55639 ,0.62042 ,6.08752 
1024 ,191.4987 ,2.55833 ,0.61699 ,6.05394 
1025 ,191.6747 ,2.56018 ,0.59304 ,5.81889 
1026 ,191.8668 ,2.56200 ,0.59646 ,5.85247 
1027 ,192.0589 ,2.56393 ,0.62384 ,6.12109 
1028 ,192.2509 ,2.56590 ,0.60673 ,5.95320 
1029 ,192.4270 ,2.56765 ,0.58619 ,5.75173 
1030 ,192.6189 ,2.56948 ,0.60330 ,5.91962 
1031 ,192.7949 ,2.57138 ,0.59646 ,5.85247 
1032 ,192.9872 ,2.57323 ,0.60330 ,5.91962 
1033 ,193.1793 ,2.57511 ,0.62042 ,6.08752 
1034 ,193.3714 ,2.57710 ,0.60330 ,5.91962 
1035 ,193.5633 ,2.57891 ,0.62042 ,6.08752 
1036 ,193.7551 ,2.58095 ,0.59988 ,5.88605 
1037 ,193.9314 ,2.58270 ,0.62042 ,6.08752 
1038 ,194.1237 ,2.58460 ,0.59304 ,5.81889 
1039 ,194.3157 ,2.58645 ,0.60330 ,5.91962 
1040 ,194.5079 ,2.58844 ,0.58962 ,5.78531 
1041 ,194.6837 ,2.59025 ,0.62384 ,6.12109 
1042 ,194.8599 ,2.59194 ,0.60673 ,5.95320 
1043 ,195.0360 ,2.59371 ,0.61699 ,6.05394 
1044 ,195.2122 ,2.59548 ,0.60330 ,5.91962 
1045 ,195.4042 ,2.59736 ,0.60673 ,5.95320 
1046 ,195.6122 ,2.59941 ,0.61015 ,5.98678 
1047 ,195.8043 ,2.60129 ,0.59988 ,5.88605 
1048 ,196.0123 ,2.60343 ,0.59646 ,5.85247 
1049 ,196.2044 ,2.60543 ,0.59646 ,5.85247 
1050 ,196.3964 ,2.60723 ,0.61357 ,6.02036 
1051 ,196.5885 ,2.60932 ,0.60330 ,5.91962 
1052 ,196.7967 ,2.61124 ,0.59988 ,5.88605 
1053 ,196.9724 ,2.61318 ,0.58962 ,5.78531 
1054 ,197.1487 ,2.61484 ,0.61699 ,6.05394 
1055 ,197.3250 ,2.61663 ,0.59304 ,5.81889 
1056 ,197.5008 ,2.61843 ,0.60673 ,5.95320 
1057 ,197.6931 ,2.62025 ,0.60673 ,5.95320 
1058 ,197.8692 ,2.62208 ,0.60330 ,5.91962 
1059 ,198.0449 ,2.62375 ,0.59646 ,5.85247 
1060 ,198.2215 ,2.62560 ,0.59646 ,5.85247 
1061 ,198.4133 ,2.62746 ,0.60673 ,5.95320 
1062 ,198.5897 ,2.62921 ,0.61015 ,5.98678 
1063 ,198.7815 ,2.63119 ,0.60330 ,5.91962 
1064 ,198.9416 ,2.63289 ,0.61699 ,6.05394 
1065 ,199.1173 ,2.63447 ,0.61357 ,6.02036 
1066 ,199.2936 ,2.63628 ,0.61357 ,6.02036 
1067 ,199.5020 ,2.63819 ,0.59304 ,5.81889 
1068 ,199.7100 ,2.64039 ,0.61357 ,6.02036 
1069 ,199.9022 ,2.64236 ,0.59304 ,5.81889 
1070 ,200.0941 ,2.64423 ,0.61015 ,5.98678 
1071 ,200.2702 ,2.64605 ,0.61699 ,6.05394 
1072 ,200.4623 ,2.64796 ,0.61015 ,5.98678 
1073 ,200.6543 ,2.64982 ,0.62042 ,6.08752 
1074 ,200.8306 ,2.65161 ,0.61015 ,5.98678 
1075 ,201.0226 ,2.65351 ,0.59304 ,5.81889 
1076 ,201.1987 ,2.65529 ,0.59646 ,5.85247 
1077 ,201.3906 ,2.65717 ,0.61357 ,6.02036 
1078 ,201.5828 ,2.65918 ,0.59988 ,5.88605 
1079 ,201.7749 ,2.66107 ,0.61357 ,6.02036 
1080 ,201.9509 ,2.66284 ,0.61357 ,6.02036 
1081 ,202.1267 ,2.66462 ,0.59988 ,5.88605 
1082 ,202.3187 ,2.66648 ,0.60673 ,5.95320 
1083 ,202.4952 ,2.66827 ,0.60330 ,5.91962 
1084 ,202.7033 ,2.67029 ,0.59304 ,5.81889 
1085 ,202.8953 ,2.67222 ,0.62726 ,6.15467 
1086 ,203.0873 ,2.67413 ,0.62384 ,6.12109 
1087 ,203.2794 ,2.67606 ,0.59988 ,5.88605 
1088 ,203.4875 ,2.67811 ,0.60330 ,5.91962 
1089 ,203.6796 ,2.68012 ,0.59646 ,5.85247 
1090 ,203.8555 ,2.68189 ,0.60673 ,5.95320 
1091 ,204.0478 ,2.68378 ,0.61015 ,5.98678 
1092 ,204.2560 ,2.68582 ,0.60673 ,5.95320 
1093 ,204.4476 ,2.68776 ,0.60330 ,5.91962 
1094 ,204.6401 ,2.68966 ,0.60673 ,5.95320 
1095 ,204.8321 ,2.69164 ,0.61357 ,6.02036 
1096 ,205.0083 ,2.69343 ,0.62726 ,6.15467 
1097 ,205.2323 ,2.69547 ,0.61357 ,6.02036 
1098 ,205.4404 ,2.69763 ,0.59988 ,5.88605 
1099 ,205.6325 ,2.69961 ,0.61357 ,6.02036 
1100 ,205.8564 ,2.70165 ,0.61357 ,6.02036 
1101 ,206.0326 ,2.70375 ,0.61699 ,6.05394 
1102 ,206.2088 ,2.70543 ,0.61357 ,6.02036 
1103 ,206.4167 ,2.70744 ,0.61699 ,6.05394 
1104 ,206.5925 ,2.70923 ,0.61699 ,6.05394 
1105 ,206.7850 ,2.71108 ,0.59304 ,5.81889 
1106 ,206.9770 ,2.71308 ,0.60330 ,5.91962 
1107 ,207.1691 ,2.71502 ,0.61699 ,6.05394 
1108 ,207.3452 ,2.71675 ,0.60330 ,5.91962 
1109 ,207.5213 ,2.71855 ,0.59646 ,5.85247 
1110 ,207.6968 ,2.72041 ,0.59646 ,5.85247 
1111 ,207.8734 ,2.72203 ,0.61015 ,5.98678 
1112 ,208.0493 ,2.72379 ,0.61699 ,6.05394 
1113 ,208.2416 ,2.72572 ,0.59988 ,5.88605 
1114 ,208.4337 ,2.72761 ,0.61357 ,6.02036 
1115 ,208.6258 ,2.72952 ,0.61015 ,5.98678 
1116 ,208.8018 ,2.73146 ,0.60673 ,5.95320 
1117 ,208.9777 ,2.73305 ,0.60673 ,5.95320 
1118 ,209.1539 ,2.73483 ,0.59988 ,5.88605 
1119 ,209.3299 ,2.73663 ,0.61015 ,5.98678 
1120 ,209.4900 ,2.73831 ,0.62042 ,6.08752 
1121 ,209.6661 ,2.73994 ,0.62384 ,6.12109 
1122 ,209.8418 ,2.74172 ,0.60330 ,5.91962 
1123 ,210.0183 ,2.74353 ,0.59988 ,5.88605 
1124 ,210.2265 ,2.74550 ,0.61015 ,5.98678 
1125 ,210.4186 ,2.74749 ,0.59988 ,5.88605 
1126 ,210.6262 ,2.74940 ,0.59988 ,5.88605 
1127 ,210.8027 ,2.75133 ,0.62384 ,6.12109 
1128 ,210.9945 ,2.75315 ,0.62042 ,6.08752 
1129 ,211.2347 ,2.75551 ,0.61699 ,6.05394 
1130 ,211.4266 ,2.75749 ,0.61015 ,5.98678 
1131 ,211.6030 ,2.75931 ,0.61699 ,6.05394 
1132 ,211.7950 ,2.76121 ,0.59988 ,5.88605 
1133 ,211.9706 ,2.76299 ,0.60330 ,5.91962 
1134 ,212.1469 ,2.76477 ,0.61357 ,6.02036 
1135 ,212.3551 ,2.76682 ,0.59988 ,5.88605 
1136 ,212.5313 ,2.76861 ,0.60673 ,5.95320 
1137 ,212.7393 ,2.77060 ,0.62042 ,6.08752 
1138 ,212.9157 ,2.77243 ,0.59988 ,5.88605 
1139 ,213.0915 ,2.77420 ,0.60330 ,5.91962 
1140 ,213.2836 ,2.77613 ,0.61357 ,6.02036 
1141 ,213.4757 ,2.77797 ,0.59988 ,5.88605 
1142 ,213.6678 ,2.77989 ,0.63753 ,6.25541 
1143 ,213.8598 ,2.78192 ,0.62384 ,6.12109 
1144 ,214.0516 ,2.78376 ,0.61015 ,5.98678 
1145 ,214.2441 ,2.78567 ,0.62384 ,6.12109 
1146 ,214.4521 ,2.78778 ,0.60673 ,5.95320 
1147 ,214.6281 ,2.78957 ,0.61015 ,5.98678 
1148 ,214.8043 ,2.79131 ,0.62726 ,6.15467 
1149 ,214.9964 ,2.79320 ,0.60330 ,5.91962 
1150 ,215.1881 ,2.79508 ,0.61357 ,6.02036 
1151 ,215.3804 ,2.79699 ,0.62042 ,6.08752 
1152 ,215.5724 ,2.79896 ,0.60330 ,5.91962 
1153 ,215.7646 ,2.80088 ,0.62042 ,6.08752 
1154 ,215.9565 ,2.80279 ,0.61015 ,5.98678 
1155 ,216.1328 ,2.80464 ,0.59646 ,5.85247 
1156 ,216.3568 ,2.80666 ,0.60330 ,5.91962 
1157 ,216.5331 ,2.80862 ,0.61015 ,5.98678 
1158 ,216.7249 ,2.81052 ,0.62384 ,6.12109 
1159 ,216.9012 ,2.81231 ,0.61015 ,5.98678 
1160 ,217.0928 ,2.81423 ,0.60330 ,5.91962 
1161 ,217.2691 ,2.81594 ,0.61015 ,5.98678 
1162 ,217.4451 ,2.81775 ,0.60330 ,5.91962 
1163 ,217.6534 ,2.81973 ,0.60330 ,5.91962 
1164 ,217.8452 ,2.82171 ,0.60673 ,5.95320 
1165 ,218.0374 ,2.82361 ,0.59988 ,5.88605 
1166 ,218.2136 ,2.82540 ,0.61357 ,6.02036 
1167 ,218.3894 ,2.82718 ,0.60673 ,5.95320 
1168 ,218.5818 ,2.82906 ,0.62042 ,6.08752 
1169 ,218.7738 ,2.83101 ,0.59646 ,5.85247 
1170 ,218.9499 ,2.83279 ,0.59304 ,5.81889 
1171 ,219.1260 ,2.83451 ,0.61015 ,5.98678 
1172 ,219.3022 ,2.83629 ,0.61015 ,5.98678 
1173 ,219.4937 ,2.83818 ,0.60673 ,5.95320 
1174 ,219.6861 ,2.84005 ,0.59988 ,5.88605 
1175 ,219.8943 ,2.84216 ,0.58962 ,5.78531 
1176 ,220.0700 ,2.84395 ,0.61015 ,5.98678 
1177 ,220.2463 ,2.84569 ,0.59988 ,5.88605 
1178 ,220.4227 ,2.84750 ,0.60330 ,5.91962 
1179 ,220.6147 ,2.84933 ,0.61357 ,6.02036 
1180 ,220.8068 ,2.85127 ,0.61015 ,5.98678 
1181 ,220.9991 ,2.85327 ,0.61699 ,6.05394 
1182 ,221.2230 ,2.85531 ,0.60673 ,5.95320 
1183 ,221.4153 ,2.85735 ,0.59304 ,5.81889 
1184 ,221.6228 ,2.85943 ,0.61699 ,6.05394 
1185 ,221.8155 ,2.86134 ,0.60330 ,5.91962 
1186 ,222.0232 ,2.86340 ,0.60330 ,5.91962 
1187 ,222.2157 ,2.86532 ,0.61699 ,6.05394 
1188 ,222.3914 ,2.86719 ,0.61015 ,5.98678 
1189 ,222.5672 ,2.86899 ,0.61699 ,6.05394 
1190 ,222.7430 ,2.87079 ,0.61015 ,5.98678 
1191 ,222.9196 ,2.87251 ,0.61699 ,6.05394 
1192 ,223.1119 ,2.87432 ,0.59646 ,5.85247 
1193 ,223.3038 ,2.87627 ,0.61015 ,5.98678 
1194 ,223.4958 ,2.87818 ,0.61357 ,6.02036 
1195 ,223.6879 ,2.88013 ,0.60673 ,5.95320 
1196 ,223.8639 ,2.88192 ,0.61357 ,6.02036 
1197 ,224.0559 ,2.88373 ,0.61015 ,5.98678 
1198 ,224.2321 ,2.88558 ,0.61015 ,5.98678 
1199 ,224.4081 ,2.88732 ,0.60330 ,5.91962 
1200 ,224.6003 ,2.88914 ,0.60673 ,5.95320 
1201 ,224.7923 ,2.89114 ,0.61357 ,6.02036 
1202 ,224.9844 ,2.89307 ,0.60330 ,5.91962 
1203 ,225.1763 ,2.89498 ,0.61357 ,6.02036 
1204 ,225.3526 ,2.89678 ,0.62726 ,6.15467 
1205 ,225.5285 ,2.89850 ,0.61015 ,5.98678 
1206 ,225.7208 ,2.90035 ,0.61015 ,5.98678 
1207 ,225.9126 ,2.90226 ,0.60673 ,5.95320 
1208 ,226.1049 ,2.90427 ,0.59646 ,5.85247 
1209 ,226.2967 ,2.90622 ,0.61699 ,6.05394 
1210 ,226.4888 ,2.90807 ,0.59304 ,5.81889 
1211 ,226.6650 ,2.90989 ,0.59988 ,5.88605 
1212 ,226.8571 ,2.91176 ,0.61357 ,6.02036 
1213 ,227.0488 ,2.91364 ,0.62726 ,6.15467 
1214 ,227.2253 ,2.91551 ,0.60673 ,5.95320 
1215 ,227.4334 ,2.91753 ,0.60673 ,5.95320 
1216 ,227.6255 ,2.91948 ,0.62042 ,6.08752 
1217 ,227.8174 ,2.92136 ,0.61699 ,6.05394 
1218 ,227.9935 ,2.92314 ,0.61699 ,6.05394 
1219 ,228.1534 ,2.92488 ,0.62384 ,6.12109 
1220 ,228.3297 ,2.92648 ,0.61357 ,6.02036 
1221 ,228.5054 ,2.92833 ,0.61015 ,5.98678 
1222 ,228.6815 ,2.93008 ,0.61357 ,6.02036 
1223 ,228.8578 ,2.93180 ,0.60673 ,5.95320 
1224 ,229.0338 ,2.93355 ,0.60330 ,5.91962 
1225 ,229.2255 ,2.93553 ,0.61015 ,5.98678 
1226 ,229.4021 ,2.93730 ,0.61015 ,5.98678 
1227 ,229.6102 ,2.93921 ,0.62384 ,6.12109 
1228 ,229.8022 ,2.94113 ,0.60330 ,5.91962 
1229 ,229.9944 ,2.94314 ,0.62384 ,6.12109 
1230 ,230.2021 ,2.94512 ,0.60330 ,5.91962 
1231 ,230.3943 ,2.94713 ,0.61015 ,5.98678 
1232 ,230.5705 ,2.94893 ,0.61015 ,5.98678 
1233 ,230.7627 ,2.95082 ,0.59646 ,5.85247 
1234 ,230.9707 ,2.95278 ,0.61015 ,5.98678 
1235 ,231.1468 ,2.95476 ,0.59646 ,5.85247 
1236 ,231.3224 ,2.95645 ,0.61015 ,5.98678 
1237 ,231.4987 ,2.95823 ,0.60330 ,5.91962 
1238 ,231.6745 ,2.95995 ,0.59646 ,5.85247 
1239 ,231.8667 ,2.96181 ,0.62384 ,6.12109 
1240 ,232.0426 ,2.96371 ,0.61015 ,5.98678 
1241 ,232.2351 ,2.96550 ,0.61015 ,5.98678 
1242 ,232.4593 ,2.96779 ,0.59646 ,5.85247 
1243 ,232.6511 ,2.96968 ,0.63068 ,6.18825 
1244 ,232.8273 ,2.97146 ,0.61015 ,5.98678 
1245 ,233.0036 ,2.97324 ,0.60673 ,5.95320 
1246 ,233.1958 ,2.97511 ,0.59646 ,5.85247 
1247 ,233.3877 ,2.97703 ,0.62042 ,6.08752 
1248 ,233.5798 ,2.97901 ,0.63068 ,6.18825 
1249 ,233.7720 ,2.98092 ,0.61699 ,6.05394 
1250 ,233.9640 ,2.98286 ,0.62042 ,6.08752 
1251 ,234.1561 ,2.98472 ,0.60673 ,5.95320 
1252 ,234.3482 ,2.98662 ,0.61357 ,6.02036 
1253 ,234.5722 ,2.98879 ,0.59988 ,5.88605 
1254 ,234.7483 ,2.99070 ,0.62042 ,6.08752 
1255 ,234.9404 ,2.99260 ,0.60673 ,5.95320 
1256 ,235.1165 ,2.99442 ,0.61357 ,6.02036 
1257 ,235.3086 ,2.99618 ,0.60673 ,5.95320 
1258 ,235.5164 ,2.99831 ,0.59988 ,5.88605 
1259 ,235.6764 ,3.00007 ,0.59304 ,5.81889 
1260 ,235.8687 ,3.00182 ,0.61699 ,6.05394 
1261 ,236.0449 ,3.00366 ,0.61015 ,5.98678 
1262 ,236.2368 ,3.00551 ,0.59646 ,5.85247 
1263 ,236.4290 ,3.00746 ,0.61357 ,6.02036 
1264 ,236.6367 ,3.00955 ,0.60330 ,5.91962 
1265 ,236.8292 ,3.01147 ,0.61357 ,6.02036 
1266 ,237.0214 ,3.01341 ,0.61015 ,5.98678 
1267 ,237.2134 ,3.01529 ,0.60330 ,5.91962 
1268 ,237.4214 ,3.01726 ,0.60330 ,5.91962 
1269 ,237.6135 ,3.01928 ,0.59988 ,5.88605 
1270 ,237.7896 ,3.02109 ,0.61015 ,5.98678 
1271 ,237.9653 ,3.02284 ,0.61357 ,6.02036 
1272 ,238.1418 ,3.02463 ,0.60330 ,5.91962 
1273 ,238.3334 ,3.02651 ,0.59646 ,5.85247 
1274 ,238.5259 ,3.02841 ,0.61699 ,6.05394 
1275 ,238.7180 ,3.03030 ,0.60330 ,5.91962 
1276 ,238.9258 ,3.03240 ,0.62042 ,6.08752 
1277 ,239.1179 ,3.03428 ,0.59988 ,5.88605 
1278 ,239.3103 ,3.03622 ,0.59646 ,5.85247 
1279 ,239.5020 ,3.03817 ,0.62384 ,6.12109 
1280 ,239.6943 ,3.04008 ,0.59646 ,5.85247 
1281 ,239.9020 ,3.04215 ,0.61699 ,6.05394 
1282 ,240.0785 ,3.04399 ,0.62726 ,6.15467 
1283 ,240.2706 ,3.04578 ,0.59988 ,5.88605 
1284 ,240.4627 ,3.04776 ,0.62042 ,6.08752 
1285 ,240.6549 ,3.04967 ,0.60330 ,5.91962 
1286 ,240.8628 ,3.05179 ,0.62042 ,6.08752 
1287 ,241.0549 ,3.05371 ,0.60330 ,5.91962 
1288 ,241.2629 ,3.05571 ,0.60673 ,5.95320 
1289 ,241.4550 ,3.05775 ,0.61015 ,5.98678 
1290 ,241.6469 ,3.05957 ,0.61015 ,5.98678 
1291 ,241.8233 ,3.06139 ,0.62042 ,6.08752 
1292 ,242.0149 ,3.06329 ,0.61015 ,5.98678 
1293 ,242.1908 ,3.06511 ,0.61357 ,6.02036 
1294 ,242.3673 ,3.06681 ,0.59988 ,5.88605 
1295 ,242.5433 ,3.06872 ,0.62042 ,6.08752 
1296 ,242.7356 ,3.07043 ,0.63753 ,6.25541 
1297 ,242.9117 ,3.07231 ,0.62042 ,6.08752 
1298 ,243.1033 ,3.07423 ,0.62042 ,6.08752 
1299 ,243.2795 ,3.07603 ,0.61357 ,6.02036 
1300 ,243.4719 ,3.07792 ,0.62042 ,6.08752 
1301 ,243.6479 ,3.07968 ,0.61015 ,5.98678 
1302 ,243.8240 ,3.08140 ,0.60330 ,5.91962 
1303 ,244.0001 ,3.08317 ,0.63068 ,6.18825 
1304 ,244.1758 ,3.08492 ,0.61357 ,6.02036 
1305 ,244.3679 ,3.08678 ,0.59988 ,5.88605 
1306 ,244.5602 ,3.08874 ,0.61015 ,5.98678 
1307 ,244.7362 ,3.09054 ,0.61699 ,6.05394 
1308 ,244.9284 ,3.09239 ,0.59646 ,5.85247 
1309 ,245.1045 ,3.09417 ,0.60673 ,5.95320 
1310 ,245.2962 ,3.09607 ,0.61357 ,6.02036 
1311 ,245.4886 ,3.09802 ,0.61015 ,5.98678 
1312 ,245.6966 ,3.10006 ,0.61699 ,6.05394 
1313 ,245.8728 ,3.10190 ,0.62726 ,6.15467 
1314 ,246.0488 ,3.10365 ,0.61357 ,6.02036 
1315 ,246.2730 ,3.10572 ,0.62042 ,6.08752 
1316 ,246.4648 ,3.10774 ,0.61015 ,5.98678 
1317 ,246.6412 ,3.10958 ,0.61015 ,5.98678 
1318 ,246.8333 ,3.11142 ,0.62726 ,6.15467 
1319 ,247.0252 ,3.11334 ,0.59988 ,5.88605 
1320 ,247.2009 ,3.11519 ,0.59988 ,5.88605 
1321 ,247.3773 ,3.11691 ,0.61357 ,6.02036 
1322 ,247.5693 ,3.11876 ,0.60330 ,5.91962 
1323 ,247.7456 ,3.12061 ,0.60673 ,5.95320 
1324 ,247.9374 ,3.12248 ,0.60673 ,5.95320 
1325 ,248.1137 ,3.12424 ,0.61699 ,6.05394 
1326 ,248.3058 ,3.12611 ,0.59988 ,5.88605 
1327 ,248.4976 ,3.12812 ,0.61357 ,6.02036 
1328 ,248.7059 ,3.13017 ,0.60673 ,5.95320 
1329 ,248.8979 ,3.13213 ,0.61015 ,5.98678 
1330 ,249.0900 ,3.13399 ,0.60330 ,5.91962 
1331 ,249.2821 ,3.13593 ,0.59988 ,5.88605 
1332 ,249.4742 ,3.13786 ,0.62726 ,6.15467 
1333 ,249.6663 ,3.13977 ,0.60673 ,5.95320 
1334 ,249.8581 ,3.14175 ,0.60330 ,5.91962 
1335 ,250.0345 ,3.14347 ,0.62726 ,6.15467 
1336 ,250.2105 ,3.14527 ,0.62726 ,6.15467 
1337 ,250.4190 ,3.14729 ,0.62042 ,6.08752 
1338 ,250.5948 ,3.14912 ,0.61015 ,5.98678 
1339 ,250.7868 ,3.15094 ,0.59988 ,5.88605 
1340 ,250.9789 ,3.15291 ,0.61357 ,6.02036 
1341 ,251.1709 ,3.15476 ,0.61357 ,6.02036 
1342 ,251.3628 ,3.15677 ,0.59646 ,5.85247 
1343 ,251.5390 ,3.15855 ,0.60330 ,5.91962 
1344 ,251.7308 ,3.16036 ,0.62042 ,6.08752 
1345 ,251.9230 ,3.16236 ,0.60330 ,5.91962 
1346 ,252.1154 ,3.16428 ,0.61699 ,6.05394 
1347 ,252.2913 ,3.16607 ,0.61699 ,6.05394 
1348 ,252.4673 ,3.16781 ,0.61699 ,6.05394 
1349 ,252.6433 ,3.16962 ,0.61015 ,5.98678 
1350 ,252.8353 ,3.17144 ,0.60673 ,5.95320 
1351 ,253.0116 ,3.17326 ,0.61357 ,6.02036 
1352 ,253.2037 ,3.17513 ,0.59646 ,5.85247 
1353 ,253.3959 ,3.17706 ,0.61015 ,5.98678 
1354 ,253.5878 ,3.17902 ,0.62042 ,6.08752 
1355 ,253.7638 ,3.18077 ,0.60330 ,5.91962 
1356 ,253.9560 ,3.18263 ,0.61015 ,5.98678 
1357 ,254.1318 ,3.18442 ,0.62726 ,6.15467 
1358 ,254.3082 ,3.18623 ,0.61699 ,6.05394 
1359 ,254.4842 ,3.18800 ,0.61357 ,6.02036 
1360 ,254.6764 ,3.18988 ,0.59988 ,5.88605 
1361 ,254.8684 ,3.19174 ,0.61357 ,6.02036 
1362 ,255.0605 ,3.19372 ,0.60673 ,5.95320 
1363 ,255.2366 ,3.19547 ,0.61699 ,6.05394 
1364 ,255.4287 ,3.19734 ,0.61357 ,6.02036 
1365 ,255.6207 ,3.19922 ,0.59988 ,5.88605 
1366 ,255.8130 ,3.20111 ,0.60330 ,5.91962 
1367 ,256.0048 ,3.20317 ,0.61357 ,6.02036 
1368 ,256.1810 ,3.20495 ,0.60673 ,5.95320 
1369 ,256.3731 ,3.20684 ,0.60673 ,5.95320 
1370 ,256.5492 ,3.20862 ,0.62042 ,6.08752 
1371 ,256.7733 ,3.21075 ,0.60673 ,5.95320 
1372 ,256.9653 ,3.21274 ,0.62726 ,6.15467 
1373 ,257.1410 ,3.21451 ,0.61015 ,5.98678 
1374 ,257.3335 ,3.21640 ,0.62726 ,6.15467 
1375 ,257.5255 ,3.21833 ,0.59988 ,5.88605 
1376 ,257.7017 ,3.22009 ,0.60673 ,5.95320 
1377 ,257.8935 ,3.22200 ,0.60673 ,5.95320 
1378 ,258.0857 ,3.22395 ,0.61699 ,6.05394 
1379 ,258.2776 ,3.22594 ,0.61357 ,6.02036 
1380 ,258.4540 ,3.22767 ,0.60330 ,5.91962 
1381 ,258.6460 ,3.22948 ,0.62384 ,6.12109 
1382 ,258.8221 ,3.23133 ,0.62384 ,6.12109 
1383 ,258.9978 ,3.23311 ,0.61015 ,5.98678 
1384 ,259.1743 ,3.23486 ,0.59988 ,5.88605 
1385 ,259.3983 ,3.23691 ,0.59988 ,5.88605 
1386 ,259.5904 ,3.23895 ,0.61357 ,6.02036 
1387 ,259.7826 ,3.24093 ,0.62384 ,6.12109 
1388 ,259.9745 ,3.24280 ,0.61015 ,5.98678 
1389 ,260.1508 ,3.24461 ,0.60330 ,5.91962 
1390 ,260.3424 ,3.24653 ,0.62726 ,6.15467 
1391 ,260.5349 ,3.24841 ,0.60673 ,5.95320 
1392 ,260.7267 ,3.25036 ,0.61357 ,6.02036 
1393 ,260.9025 ,3.25217 ,0.61015 ,5.98678 
1394 ,261.0788 ,3.25392 ,0.60330 ,5.91962 
1395 ,261.2712 ,3.25570 ,0.61357 ,6.02036 
1396 ,261.4467 ,3.25761 ,0.62042 ,6.08752 
1397 ,261.6232 ,3.25936 ,0.63410 ,6.22183 
1398 ,261.8153 ,3.26124 ,0.60673 ,5.95320 
1399 ,261.9914 ,3.26303 ,0.61015 ,5.98678 
1400 ,262.1835 ,3.26490 ,0.63410 ,6.22183 
1401 ,262.3916 ,3.26685 ,0.61357 ,6.02036 
1402 ,262.5837 ,3.26889 ,0.61699 ,6.05394 
1403 ,262.7918 ,3.27096 ,0.60673 ,5.95320 
1404 ,262.9838 ,3.27288 ,0.61015 ,5.98678 
1405 ,263.1598 ,3.27465 ,0.61357 ,6.02036 
1406 ,263.3360 ,3.27644 ,0.60673 ,5.95320 
1407 ,263.5280 ,3.27831 ,0.61699 ,6.05394 
1408 ,263.7041 ,3.28020 ,0.62042 ,6.08752 
1409 ,263.8958 ,3.28198 ,0.61357 ,6.02036 
1410 ,264.0722 ,3.28384 ,0.59646 ,5.85247 
1411 ,264.2803 ,3.28589 ,0.61015 ,5.98678 
1412 ,264.4724 ,3.28779 ,0.59988 ,5.88605 
1413 ,264.6482 ,3.28954 ,0.62042 ,6.08752 
1414 ,264.8407 ,3.29151 ,0.62726 ,6.15467 
1415 ,265.0327 ,3.29341 ,0.60330 ,5.91962 
1416 ,265.2086 ,3.29517 ,0.61699 ,6.05394 
1417 ,265.4009 ,3.29706 ,0.62042 ,6.08752 
1418 ,265.5930 ,3.29902 ,0.59988 ,5.88605 
1419 ,265.7844 ,3.30087 ,0.62042 ,6.08752 
1420 ,265.9610 ,3.30271 ,0.63068 ,6.18825 
1421 ,266.1692 ,3.30472 ,0.62384 ,6.12109 
1422 ,266.3612 ,3.30663 ,0.62042 ,6.08752 
1423 ,266.5533 ,3.30862 ,0.59988 ,5.88605 
1424 ,266.7614 ,3.31052 ,0.62384 ,6.12109 
1425 ,266.9533 ,3.31257 ,0.59988 ,5.88605 
1426 ,267.1454 ,3.31451 ,0.60673 ,5.95320 
1427 ,267.3216 ,3.31633 ,0.62384 ,6.12109 
1428 ,267.5137 ,3.31820 ,0.61699 ,6.05394 
1429 ,267.7057 ,3.32014 ,0.61357 ,6.02036 
1430 ,267.8813 ,3.32196 ,0.60673 ,5.95320 
1431 ,268.0415 ,3.32361 ,0.61699 ,6.05394 
1432 ,268.2180 ,3.32522 ,0.62384 ,6.12109 
1433 ,268.4100 ,3.32713 ,0.61357 ,6.02036 
1434 ,268.5861 ,3.32893 ,0.60330 ,5.91962 
1435 ,268.7781 ,3.33078 ,0.62042 ,6.08752 
1436 ,268.9699 ,3.33270 ,0.59988 ,5.88605 
1437 ,269.1461 ,3.33452 ,0.59988 ,5.88605 
1438 ,269.3543 ,3.33652 ,0.61699 ,6.05394 
1439 ,269.5305 ,3.33834 ,0.59988 ,5.88605 
1440 ,269.7228 ,3.34024 ,0.61699 ,6.05394 
1441 ,269.9147 ,3.34219 ,0.62726 ,6.15467 
1442 ,270.1065 ,3.34417 ,0.60673 ,5.95320 
1443 ,270.2828 ,3.34589 ,0.61699 ,6.05394 
1444 ,270.4908 ,3.34787 ,0.61357 ,6.02036 
1445 ,270.6669 ,3.34970 ,0.59646 ,5.85247 
1446 ,270.8591 ,3.35156 ,0.61015 ,5.98678 
1447 ,271.0670 ,3.35368 ,0.62042 ,6.08752 
1448 ,271.2432 ,3.35545 ,0.60673 ,5.95320 
1449 ,271.4353 ,3.35738 ,0.62384 ,6.12109 
1450 ,271.6115 ,3.35919 ,0.60330 ,5.91962 
1451 ,271.8035 ,3.36109 ,0.61699 ,6.05394 
1452 ,272.0116 ,3.36314 ,0.60330 ,5.91962 
1453 ,272.2033 ,3.36504 ,0.61015 ,5.98678 
1454 ,272.3958 ,3.36693 ,0.62042 ,6.08752 
1455 ,272.5878 ,3.36897 ,0.60673 ,5.95320 
1456 ,272.7959 ,3.37092 ,0.62042 ,6.08752 
1457 ,272.9721 ,3.37278 ,0.60673 ,5.95320 
1458 ,273.1801 ,3.37475 ,0.61357 ,6.02036 
1459 ,273.3721 ,3.37676 ,0.62042 ,6.08752 
1460 ,273.5802 ,3.37885 ,0.63068 ,6.18825 
1461 ,273.7882 ,3.38086 ,0.61015 ,5.98678 
1462 ,273.9804 ,3.38280 ,0.62384 ,6.12109 
1463 ,274.1724 ,3.38468 ,0.62726 ,6.15467 
1464 ,274.3640 ,3.38662 ,0.61015 ,5.98678 
1465 ,274.5405 ,3.38848 ,0.62042 ,6.08752 
1466 ,274.7166 ,3.39026 ,0.62726 ,6.15467 
1467 ,274.8928 ,3.39201 ,0.63068 ,6.18825 
1468 ,275.0846 ,3.39389 ,0.60330 ,5.91962 
1469 ,275.2608 ,3.39570 ,0.61015 ,5.98678 
1470 ,275.4525 ,3.39750 ,0.61699 ,6.05394 
1471 ,275.6450 ,3.39944 ,0.61699 ,6.05394 
1472 ,275.8211 ,3.40124 ,0.61357 ,6.02036 
1473 ,275.9972 ,3.40300 ,0.62042 ,6.08752 
1474 ,276.1893 ,3.40488 ,0.61357 ,6.02036 
1475 ,276.3811 ,3.40683 ,0.61357 ,6.02036 
1476 ,276.5733 ,3.40877 ,0.62042 ,6.08752 
1477 ,276.7654 ,3.41064 ,0.60330 ,5.91962 
1478 ,276.9415 ,3.41244 ,0.61357 ,6.02036 
1479 ,277.1173 ,3.41415 ,0.61357 ,6.02036 
1480 ,277.3096 ,3.41609 ,0.61015 ,5.98678 
1481 ,277.5018 ,3.41803 ,0.61015 ,5.98678 
1482 ,277.6937 ,3.41994 ,0.63068 ,6.18825 
1483 ,277.9019 ,3.42199 ,0.61357 ,6.02036 
1484 ,278.0938 ,3.42400 ,0.62726 ,6.15467 
1485 ,278.2857 ,3.42587 ,0.61015 ,5.98678 
1486 ,278.4620 ,3.42768 ,0.59646 ,5.85247 
1487 ,278.6538 ,3.42956 ,0.62384 ,6.12109 
1488 ,278.8300 ,3.43135 ,0.61699 ,6.05394 
1489 ,279.0224 ,3.43329 ,0.60673 ,5.95320 
1490 ,279.2143 ,3.43512 ,0.63068 ,6.18825 
1491 ,279.3906 ,3.43698 ,0.63410 ,6.22183 
1492 ,279.5664 ,3.43874 ,0.60330 ,5.91962 
1493 ,279.7426 ,3.44044 ,0.60673 ,5.95320 
1494 ,279.9186 ,3.44219 ,0.60673 ,5.95320 
1495 ,280.0947 ,3.44394 ,0.63410 ,6.22183 
1496 ,280.2708 ,3.44574 ,0.63068 ,6.18825 
1497 ,280.4469 ,3.44748 ,0.63410 ,6.22183 
1498 ,280.6231 ,3.44925 ,0.61357 ,6.02036 
1499 ,280.8150 ,3.45111 ,0.62726 ,6.15467 
1500 ,281.0071 ,3.45296 ,0.62726 ,6.15467 
1501 ,281.1832 ,3.45486 ,0.60330 ,5.91962 
1502 ,281.3752 ,3.45668 ,0.61699 ,6.05394 
1503 ,281.5513 ,3.45852 ,0.62384 ,6.12109 
1504 ,281.7434 ,3.46044 ,0.61357 ,6.02036 
1505 ,281.9354 ,3.46232 ,0.61699 ,6.05394 
1506 ,282.1117 ,3.46414 ,0.62042 ,6.08752 
1507 ,282.3034 ,3.46601 ,0.61015 ,5.98678 
1508 ,282.4957 ,3.46802 ,0.62726 ,6.15467 
1509 ,282.7035 ,3.46999 ,0.60330 ,5.91962 
1510 ,282.8795 ,3.47177 ,0.60330 ,5.91962 
1511 ,283.0718 ,3.47365 ,0.61699 ,6.05394 
1512 ,283.2479 ,3.47547 ,0.62042 ,6.08752 
1513 ,283.4400 ,3.47732 ,0.61015 ,5.98678 
1514 ,283.6163 ,3.47920 ,0.61699 ,6.05394 
1515 ,283.8241 ,3.48114 ,0.61357 ,6.02036 
1516 ,284.0163 ,3.48317 ,0.61357 ,6.02036 
1517 ,284.1923 ,3.48494 ,0.61357 ,6.02036 
1518 ,284.3683 ,3.48669 ,0.62042 ,6.08752 
1519 ,284.5445 ,3.48847 ,0.62384 ,6.12109 
1520 ,284.7207 ,3.49021 ,0.61357 ,6.02036 
1521 ,284.8966 ,3.49198 ,0.61699 ,6.05394 
1522 ,285.0727 ,3.49370 ,0.59988 ,5.88605 
1523 ,285.2489 ,3.49548 ,0.61699 ,6.05394 
1524 ,285.4410 ,3.49714 ,0.60673 ,5.95320 
1525 ,285.6331 ,3.49847 ,0.61699 ,6.05394 
1526 ,285.8572 ,3.49945 ,0.60330 ,5.91962 
1527 ,286.0490 ,3.49990 ,0.61699 ,6.05394 
1528 ,286.2412 ,3.50000 ,0.62042 ,6.08752 
