Data stamp = , 23-04-2022 07:35:21 998

Calibration Values: 
Slope = , 26.54 , g/V 
Offset Voltage at no contact = , -0.501760 , V 

No , Time , Stage Position ,   Mass , Force 
   ,  (s) ,      (mm)      ,   (g)  , (mN)  

1 ,0.0000 ,0.69936 ,5.26087 ,51.61969 
2 ,0.2240 ,0.69948 ,5.26772 ,51.68685 
3 ,0.5603 ,0.70047 ,5.26087 ,51.61969 
4 ,0.7844 ,0.70210 ,5.25745 ,51.58611 
5 ,0.9606 ,0.70377 ,5.26772 ,51.68685 
6 ,1.1525 ,0.70570 ,5.26430 ,51.65327 
7 ,1.3289 ,0.70735 ,5.27456 ,51.75401 
8 ,1.5048 ,0.70917 ,5.28825 ,51.88832 
9 ,1.6648 ,0.71084 ,5.26430 ,51.65327 
10 ,1.8408 ,0.71248 ,5.23007 ,51.31749 
11 ,2.0330 ,0.71442 ,5.20270 ,51.04886 
12 ,2.2250 ,0.71642 ,5.17874 ,50.81381 
13 ,2.4011 ,0.71812 ,5.17874 ,50.81381 
14 ,2.6093 ,0.72006 ,5.15821 ,50.61234 
15 ,2.8014 ,0.72218 ,5.13425 ,50.37729 
16 ,2.9934 ,0.72398 ,5.10003 ,50.04151 
17 ,3.1855 ,0.72596 ,5.07950 ,49.84004 
18 ,3.3616 ,0.72774 ,5.05897 ,49.63857 
19 ,3.5532 ,0.72961 ,5.04528 ,49.50426 
20 ,3.7298 ,0.73143 ,5.03501 ,49.40352 
21 ,3.9218 ,0.73331 ,5.01448 ,49.20205 
22 ,4.0978 ,0.73512 ,4.99737 ,49.03416 
23 ,4.2897 ,0.73697 ,4.96999 ,48.76554 
24 ,4.4820 ,0.73885 ,4.96999 ,48.76554 
25 ,4.6576 ,0.74073 ,4.95630 ,48.63122 
26 ,4.8502 ,0.74257 ,4.92208 ,48.29544 
27 ,5.0419 ,0.74452 ,4.90497 ,48.12755 
28 ,5.2182 ,0.74630 ,4.89470 ,48.02681 
29 ,5.3943 ,0.74805 ,4.88444 ,47.92608 
30 ,5.5861 ,0.74997 ,4.85706 ,47.65745 
31 ,5.7780 ,0.75181 ,4.84679 ,47.55672 
32 ,5.9546 ,0.75366 ,4.80915 ,47.18736 
33 ,6.1625 ,0.75566 ,4.80230 ,47.12020 
34 ,6.3546 ,0.75754 ,4.78519 ,46.95231 
35 ,6.5466 ,0.75959 ,4.74413 ,46.54937 
36 ,6.7227 ,0.76130 ,4.74070 ,46.51579 
37 ,6.8986 ,0.76310 ,4.73044 ,46.41506 
38 ,7.0910 ,0.76490 ,4.72359 ,46.34790 
39 ,7.2992 ,0.76702 ,4.66884 ,45.81065 
40 ,7.4752 ,0.76892 ,4.66542 ,45.77707 
41 ,7.6512 ,0.77058 ,4.64831 ,45.60918 
42 ,7.8433 ,0.77246 ,4.64831 ,45.60918 
43 ,8.0033 ,0.77424 ,4.64146 ,45.54202 
44 ,8.1793 ,0.77589 ,4.61751 ,45.30697 
45 ,8.3553 ,0.77762 ,4.60724 ,45.20624 
46 ,8.5477 ,0.77954 ,4.56960 ,44.83688 
47 ,8.7238 ,0.78137 ,4.54564 ,44.60183 
48 ,8.9154 ,0.78328 ,4.55591 ,44.70256 
49 ,9.0918 ,0.78498 ,4.52511 ,44.40036 
50 ,9.2678 ,0.78676 ,4.50457 ,44.19889 
51 ,9.4440 ,0.78851 ,4.49089 ,44.06457 
52 ,9.6360 ,0.79042 ,4.49089 ,44.06457 
53 ,9.8119 ,0.79225 ,4.47720 ,43.93026 
54 ,10.0042 ,0.79412 ,4.43613 ,43.52732 
55 ,10.1964 ,0.79591 ,4.41902 ,43.35943 
56 ,10.3881 ,0.79798 ,4.39849 ,43.15796 
57 ,10.5645 ,0.79975 ,4.38480 ,43.02365 
58 ,10.7562 ,0.80170 ,4.38138 ,42.99007 
59 ,10.9486 ,0.80355 ,4.34373 ,42.62071 
60 ,11.1402 ,0.80543 ,4.35058 ,42.68786 
61 ,11.3164 ,0.80722 ,4.32320 ,42.41924 
62 ,11.5085 ,0.80916 ,4.29240 ,42.11703 
63 ,11.6848 ,0.81093 ,4.28213 ,42.01630 
64 ,11.8929 ,0.81297 ,4.25476 ,41.74767 
65 ,12.1009 ,0.81496 ,4.24449 ,41.64694 
66 ,12.2766 ,0.81689 ,4.24449 ,41.64694 
67 ,12.4531 ,0.81864 ,4.21711 ,41.37831 
68 ,12.6451 ,0.82050 ,4.19316 ,41.14326 
69 ,12.8214 ,0.82231 ,4.18631 ,41.07611 
70 ,13.0134 ,0.82420 ,4.16578 ,40.87464 
71 ,13.2054 ,0.82610 ,4.13498 ,40.57243 
72 ,13.3816 ,0.82792 ,4.13498 ,40.57243 
73 ,13.5895 ,0.82993 ,4.11103 ,40.33738 
74 ,13.7657 ,0.83171 ,4.07338 ,39.96802 
75 ,13.9578 ,0.83365 ,4.09049 ,40.13591 
76 ,14.1499 ,0.83554 ,4.05969 ,39.83371 
77 ,14.3415 ,0.83745 ,4.04943 ,39.73297 
78 ,14.5181 ,0.83929 ,4.03574 ,39.59866 
79 ,14.6937 ,0.84113 ,3.99125 ,39.16214 
80 ,14.8701 ,0.84282 ,3.97756 ,39.02783 
81 ,15.0780 ,0.84468 ,3.98441 ,39.09499 
82 ,15.2858 ,0.84687 ,3.95361 ,38.79278 
83 ,15.4619 ,0.84866 ,3.93307 ,38.59131 
84 ,15.6385 ,0.85043 ,3.92965 ,38.55773 
85 ,15.8303 ,0.85238 ,3.88858 ,38.15479 
86 ,16.0229 ,0.85427 ,3.90227 ,38.28911 
87 ,16.2147 ,0.85620 ,3.87147 ,37.98690 
88 ,16.4064 ,0.85808 ,3.85094 ,37.78543 
89 ,16.6147 ,0.86018 ,3.83383 ,37.61754 
90 ,16.8068 ,0.86210 ,3.79961 ,37.28176 
91 ,16.9989 ,0.86401 ,3.80303 ,37.31534 
92 ,17.1908 ,0.86595 ,3.76881 ,36.97955 
93 ,17.3670 ,0.86771 ,3.75170 ,36.81166 
94 ,17.5908 ,0.86981 ,3.73801 ,36.67735 
95 ,17.7671 ,0.87172 ,3.72432 ,36.54303 
96 ,17.9434 ,0.87350 ,3.71748 ,36.47588 
97 ,18.1355 ,0.87532 ,3.69694 ,36.27441 
98 ,18.3116 ,0.87726 ,3.66957 ,36.00578 
99 ,18.4876 ,0.87892 ,3.64561 ,35.77073 
100 ,18.6632 ,0.88073 ,3.63877 ,35.70358 
101 ,18.8397 ,0.88248 ,3.63877 ,35.70358 
102 ,19.0318 ,0.88440 ,3.61139 ,35.43495 
103 ,19.2077 ,0.88609 ,3.58059 ,35.13275 
104 ,19.4000 ,0.88797 ,3.58401 ,35.16632 
105 ,19.5920 ,0.88993 ,3.55321 ,34.86412 
106 ,19.7840 ,0.89189 ,3.53610 ,34.69623 
107 ,19.9601 ,0.89366 ,3.53268 ,34.66265 
108 ,20.1522 ,0.89560 ,3.50530 ,34.39402 
109 ,20.3443 ,0.89743 ,3.49846 ,34.32687 
110 ,20.5364 ,0.89937 ,3.47450 ,34.09182 
111 ,20.7441 ,0.90132 ,3.45739 ,33.92393 
112 ,20.9207 ,0.90329 ,3.44713 ,33.82319 
113 ,21.1285 ,0.90524 ,3.41633 ,33.52099 
114 ,21.3207 ,0.90718 ,3.39237 ,33.28594 
115 ,21.4967 ,0.90902 ,3.38895 ,33.25236 
116 ,21.6888 ,0.91089 ,3.36842 ,33.05089 
117 ,21.8645 ,0.91266 ,3.34788 ,32.84942 
118 ,22.0408 ,0.91446 ,3.35130 ,32.88300 
119 ,22.2169 ,0.91621 ,3.32393 ,32.61437 
120 ,22.3931 ,0.91798 ,3.29997 ,32.37933 
121 ,22.5853 ,0.91986 ,3.29313 ,32.31217 
122 ,22.7772 ,0.92173 ,3.25548 ,31.94281 
123 ,22.9532 ,0.92355 ,3.25206 ,31.90923 
124 ,23.1295 ,0.92529 ,3.23495 ,31.74134 
125 ,23.3216 ,0.92722 ,3.23153 ,31.70776 
126 ,23.5132 ,0.92922 ,3.19388 ,31.33840 
127 ,23.6897 ,0.93088 ,3.18020 ,31.20409 
128 ,23.8818 ,0.93278 ,3.16993 ,31.10335 
129 ,24.0738 ,0.93469 ,3.15282 ,30.93546 
130 ,24.2659 ,0.93661 ,3.15282 ,30.93546 
131 ,24.4900 ,0.93891 ,3.11860 ,30.59968 
132 ,24.6981 ,0.94091 ,3.09464 ,30.36463 
133 ,24.8902 ,0.94282 ,3.08780 ,30.29747 
134 ,25.0822 ,0.94485 ,3.08438 ,30.26389 
135 ,25.2742 ,0.94676 ,3.05015 ,29.92811 
136 ,25.4504 ,0.94853 ,3.03304 ,29.76022 
137 ,25.6425 ,0.95046 ,3.02962 ,29.72664 
138 ,25.8345 ,0.95238 ,3.00909 ,29.52517 
139 ,26.0107 ,0.95415 ,2.97829 ,29.22297 
140 ,26.2022 ,0.95605 ,2.99198 ,29.35728 
141 ,26.3786 ,0.95777 ,2.97144 ,29.15581 
142 ,26.5548 ,0.95957 ,2.94407 ,28.88718 
143 ,26.7630 ,0.96161 ,2.94064 ,28.85360 
144 ,26.9550 ,0.96356 ,2.90642 ,28.51782 
145 ,27.1311 ,0.96537 ,2.88589 ,28.31635 
146 ,27.3232 ,0.96720 ,2.88931 ,28.34993 
147 ,27.4993 ,0.96898 ,2.86536 ,28.11488 
148 ,27.6913 ,0.97092 ,2.84825 ,27.94699 
149 ,27.8834 ,0.97282 ,2.86193 ,28.08130 
150 ,28.0911 ,0.97489 ,2.81402 ,27.61121 
151 ,28.2511 ,0.97662 ,2.81402 ,27.61121 
152 ,28.4116 ,0.97824 ,2.78322 ,27.30900 
153 ,28.5874 ,0.97989 ,2.77296 ,27.20827 
154 ,28.7638 ,0.98166 ,2.77638 ,27.24185 
155 ,28.9398 ,0.98344 ,2.75243 ,27.00680 
156 ,29.1319 ,0.98531 ,2.72847 ,26.77175 
157 ,29.3235 ,0.98723 ,2.74558 ,26.93964 
158 ,29.4999 ,0.98901 ,2.71820 ,26.67101 
159 ,29.6922 ,0.99093 ,2.68740 ,26.36881 
160 ,29.8681 ,0.99274 ,2.68740 ,26.36881 
161 ,30.0442 ,0.99453 ,2.66687 ,26.16734 
162 ,30.2203 ,0.99618 ,2.66003 ,26.10018 
163 ,30.3962 ,0.99793 ,2.62238 ,25.73082 
164 ,30.6206 ,1.00010 ,2.62238 ,25.73082 
165 ,30.8286 ,1.00223 ,2.61212 ,25.63009 
166 ,31.0207 ,1.00417 ,2.58132 ,25.32788 
167 ,31.2289 ,1.00624 ,2.57447 ,25.26073 
168 ,31.4210 ,1.00825 ,2.55394 ,25.05926 
169 ,31.6128 ,1.01009 ,2.53683 ,24.89136 
170 ,31.8050 ,1.01204 ,2.52314 ,24.75705 
171 ,31.9808 ,1.01386 ,2.51287 ,24.65632 
172 ,32.1568 ,1.01557 ,2.48207 ,24.35411 
173 ,32.3492 ,1.01753 ,2.47181 ,24.25338 
174 ,32.5408 ,1.01944 ,2.46154 ,24.15264 
175 ,32.7173 ,1.02113 ,2.44101 ,23.95117 
176 ,32.9256 ,1.02320 ,2.43416 ,23.88402 
177 ,33.1015 ,1.02504 ,2.43074 ,23.85044 
178 ,33.3091 ,1.02695 ,2.39994 ,23.54823 
179 ,33.4856 ,1.02889 ,2.38283 ,23.38034 
180 ,33.6613 ,1.03059 ,2.37256 ,23.27961 
181 ,33.8378 ,1.03236 ,2.35888 ,23.14529 
182 ,34.0298 ,1.03419 ,2.34519 ,23.01098 
183 ,34.2216 ,1.03618 ,2.31439 ,22.70877 
184 ,34.3979 ,1.03793 ,2.30754 ,22.64162 
185 ,34.5741 ,1.03972 ,2.28359 ,22.40657 
186 ,34.7657 ,1.04163 ,2.29043 ,22.47373 
187 ,34.9422 ,1.04342 ,2.28017 ,22.37299 
188 ,35.1341 ,1.04533 ,2.24594 ,22.03721 
189 ,35.3266 ,1.04721 ,2.24594 ,22.03721 
190 ,35.5024 ,1.04912 ,2.21857 ,21.76858 
191 ,35.6786 ,1.05075 ,2.20488 ,21.63427 
192 ,35.8544 ,1.05257 ,2.21172 ,21.70143 
193 ,36.0307 ,1.05429 ,2.18435 ,21.43280 
194 ,36.2067 ,1.05601 ,2.18092 ,21.39922 
195 ,36.3988 ,1.05789 ,2.14328 ,21.02986 
196 ,36.6069 ,1.05998 ,2.15012 ,21.09702 
197 ,36.7988 ,1.06190 ,2.12275 ,20.82839 
198 ,36.9911 ,1.06377 ,2.09879 ,20.59334 
199 ,37.1986 ,1.06593 ,2.08510 ,20.45903 
200 ,37.3746 ,1.06770 ,2.06115 ,20.22398 
201 ,37.5509 ,1.06953 ,2.06457 ,20.25756 
202 ,37.7594 ,1.07152 ,2.03377 ,19.95535 
203 ,37.9191 ,1.07329 ,2.03377 ,19.95535 
204 ,38.0951 ,1.07493 ,2.02350 ,19.85462 
205 ,38.2712 ,1.07667 ,2.01324 ,19.75388 
206 ,38.4477 ,1.07842 ,1.99955 ,19.61957 
207 ,38.6556 ,1.08044 ,1.97559 ,19.38452 
208 ,38.8318 ,1.08231 ,1.96533 ,19.28379 
209 ,39.0235 ,1.08419 ,1.95164 ,19.14948 
210 ,39.2000 ,1.08600 ,1.95164 ,19.14948 
211 ,39.3757 ,1.08777 ,1.92084 ,18.84727 
212 ,39.5518 ,1.08951 ,1.90715 ,18.71296 
213 ,39.7441 ,1.09140 ,1.91057 ,18.74654 
214 ,39.9204 ,1.09317 ,1.89688 ,18.61222 
215 ,40.1118 ,1.09503 ,1.87977 ,18.44433 
216 ,40.2882 ,1.09685 ,1.85924 ,18.24286 
217 ,40.4645 ,1.09866 ,1.86266 ,18.27644 
218 ,40.6565 ,1.10050 ,1.82160 ,17.87350 
219 ,40.8326 ,1.10231 ,1.80449 ,17.70561 
220 ,41.0246 ,1.10424 ,1.81475 ,17.80634 
221 ,41.2003 ,1.10595 ,1.78395 ,17.50414 
222 ,41.3769 ,1.10770 ,1.78053 ,17.47056 
223 ,41.5689 ,1.10962 ,1.77026 ,17.36983 
224 ,41.7767 ,1.11166 ,1.76000 ,17.26909 
225 ,41.9690 ,1.11366 ,1.74289 ,17.10120 
226 ,42.1612 ,1.11561 ,1.72578 ,16.93331 
227 ,42.3368 ,1.11738 ,1.70524 ,16.73184 
228 ,42.5132 ,1.11911 ,1.67786 ,16.46321 
229 ,42.7053 ,1.12099 ,1.69498 ,16.63110 
230 ,42.8975 ,1.12289 ,1.65733 ,16.26174 
231 ,43.0894 ,1.12480 ,1.66418 ,16.32890 
232 ,43.2657 ,1.12660 ,1.64022 ,16.09385 
233 ,43.4578 ,1.12851 ,1.61969 ,15.89238 
234 ,43.6494 ,1.13047 ,1.61627 ,15.85880 
235 ,43.8260 ,1.13220 ,1.60600 ,15.75807 
236 ,44.0335 ,1.13421 ,1.57520 ,15.45586 
237 ,44.1939 ,1.13602 ,1.56151 ,15.32155 
238 ,44.3698 ,1.13770 ,1.55809 ,15.28797 
239 ,44.5622 ,1.13955 ,1.55124 ,15.22081 
240 ,44.7702 ,1.14159 ,1.53413 ,15.05292 
241 ,44.9623 ,1.14353 ,1.52387 ,14.95219 
242 ,45.1544 ,1.14542 ,1.50333 ,14.75072 
243 ,45.3300 ,1.14729 ,1.48622 ,14.58283 
244 ,45.5385 ,1.14924 ,1.47596 ,14.48209 
245 ,45.7308 ,1.15124 ,1.45885 ,14.31420 
246 ,45.9227 ,1.15312 ,1.45542 ,14.28062 
247 ,46.0988 ,1.15494 ,1.43489 ,14.07915 
248 ,46.2907 ,1.15677 ,1.42805 ,14.01199 
249 ,46.4830 ,1.15876 ,1.40409 ,13.77695 
250 ,46.6911 ,1.16074 ,1.39040 ,13.64263 
251 ,46.8829 ,1.16274 ,1.38698 ,13.60906 
252 ,47.0751 ,1.16465 ,1.35618 ,13.30685 
253 ,47.2513 ,1.16644 ,1.34249 ,13.17254 
254 ,47.4432 ,1.16826 ,1.34249 ,13.17254 
255 ,47.6350 ,1.17033 ,1.32196 ,12.97107 
256 ,47.8273 ,1.17211 ,1.30485 ,12.80318 
257 ,48.0195 ,1.17412 ,1.29458 ,12.70244 
258 ,48.1957 ,1.17590 ,1.27747 ,12.53455 
259 ,48.3715 ,1.17766 ,1.26720 ,12.43381 
260 ,48.5477 ,1.17941 ,1.27405 ,12.50097 
261 ,48.7559 ,1.18144 ,1.24325 ,12.19877 
262 ,48.9640 ,1.18356 ,1.23641 ,12.13161 
263 ,49.1721 ,1.18552 ,1.21245 ,11.89656 
264 ,49.3642 ,1.18757 ,1.21245 ,11.89656 
265 ,49.5561 ,1.18947 ,1.18165 ,11.59436 
266 ,49.7319 ,1.19122 ,1.17138 ,11.49362 
267 ,49.9082 ,1.19307 ,1.17138 ,11.49362 
268 ,50.0843 ,1.19476 ,1.16796 ,11.46004 
269 ,50.2605 ,1.19649 ,1.15085 ,11.29215 
270 ,50.4686 ,1.19861 ,1.13374 ,11.12426 
271 ,50.6768 ,1.20063 ,1.10636 ,10.85563 
272 ,50.8686 ,1.20260 ,1.10636 ,10.85563 
273 ,51.0448 ,1.20438 ,1.09952 ,10.78848 
274 ,51.2369 ,1.20623 ,1.07556 ,10.55343 
275 ,51.4130 ,1.20810 ,1.07556 ,10.55343 
276 ,51.6050 ,1.20993 ,1.07556 ,10.55343 
277 ,51.7812 ,1.21175 ,1.05161 ,10.31838 
278 ,51.9572 ,1.21349 ,1.03108 ,10.11691 
279 ,52.1332 ,1.21527 ,1.01396 ,9.94902 
280 ,52.3254 ,1.21716 ,1.00712 ,9.88186 
281 ,52.5335 ,1.21920 ,0.99343 ,9.74755 
282 ,52.7256 ,1.22118 ,0.98659 ,9.68039 
283 ,52.9013 ,1.22298 ,0.98659 ,9.68039 
284 ,53.1095 ,1.22492 ,0.95579 ,9.37819 
285 ,53.3178 ,1.22704 ,0.93183 ,9.14314 
286 ,53.4938 ,1.22887 ,0.92841 ,9.10956 
287 ,53.6856 ,1.23073 ,0.92499 ,9.07598 
288 ,53.8621 ,1.23258 ,0.90788 ,8.90809 
289 ,54.0537 ,1.23443 ,0.90446 ,8.87451 
290 ,54.2304 ,1.23621 ,0.87708 ,8.60589 
291 ,54.4061 ,1.23802 ,0.87366 ,8.57231 
292 ,54.5984 ,1.23983 ,0.86681 ,8.50515 
293 ,54.8064 ,1.24194 ,0.86339 ,8.47158 
294 ,54.9986 ,1.24394 ,0.82232 ,8.06864 
295 ,55.1743 ,1.24569 ,0.82917 ,8.13579 
296 ,55.3504 ,1.24739 ,0.80179 ,7.86717 
297 ,55.5267 ,1.24917 ,0.79495 ,7.80001 
298 ,55.7028 ,1.25093 ,0.79495 ,7.80001 
299 ,55.8945 ,1.25278 ,0.76415 ,7.49780 
300 ,56.0546 ,1.25458 ,0.76415 ,7.49780 
301 ,56.2307 ,1.25622 ,0.75046 ,7.36349 
302 ,56.4066 ,1.25800 ,0.75046 ,7.36349 
303 ,56.5828 ,1.25972 ,0.74704 ,7.32991 
304 ,56.7428 ,1.26146 ,0.73335 ,7.19560 
305 ,56.9190 ,1.26310 ,0.71281 ,6.99413 
306 ,57.0949 ,1.26482 ,0.70597 ,6.92697 
307 ,57.2551 ,1.26656 ,0.68544 ,6.72550 
308 ,57.4471 ,1.26828 ,0.67517 ,6.62477 
309 ,57.6232 ,1.27011 ,0.67859 ,6.65835 
310 ,57.7992 ,1.27188 ,0.66833 ,6.55761 
311 ,57.9754 ,1.27361 ,0.64437 ,6.32256 
312 ,58.1514 ,1.27542 ,0.62384 ,6.12109 
313 ,58.3276 ,1.27714 ,0.62042 ,6.08752 
314 ,58.5196 ,1.27903 ,0.60330 ,5.91962 
315 ,58.6957 ,1.28081 ,0.60673 ,5.95320 
316 ,58.8716 ,1.28261 ,0.57935 ,5.68458 
317 ,59.0637 ,1.28459 ,0.58277 ,5.71815 
318 ,59.2399 ,1.28629 ,0.57935 ,5.68458 
319 ,59.4160 ,1.28810 ,0.55882 ,5.48311 
320 ,59.5918 ,1.28988 ,0.56224 ,5.51668 
321 ,59.7520 ,1.29153 ,0.54171 ,5.31522 
322 ,59.9121 ,1.29314 ,0.53486 ,5.24806 
323 ,60.0882 ,1.29478 ,0.51091 ,5.01301 
324 ,60.2642 ,1.29654 ,0.51433 ,5.04659 
325 ,60.4407 ,1.29829 ,0.50748 ,4.97943 
326 ,60.6166 ,1.30005 ,0.47668 ,4.67723 
327 ,60.8088 ,1.30187 ,0.46300 ,4.54291 
328 ,61.0008 ,1.30381 ,0.46984 ,4.61007 
329 ,61.1930 ,1.30577 ,0.44588 ,4.37502 
330 ,61.3530 ,1.30752 ,0.43904 ,4.30787 
331 ,61.5295 ,1.30918 ,0.43562 ,4.27429 
332 ,61.7372 ,1.31123 ,0.40482 ,3.97208 
333 ,61.9295 ,1.31320 ,0.40824 ,4.00566 
334 ,62.1054 ,1.31498 ,0.40482 ,3.97208 
335 ,62.2970 ,1.31683 ,0.38771 ,3.80419 
336 ,62.4735 ,1.31862 ,0.36718 ,3.60272 
337 ,62.6336 ,1.32031 ,0.36718 ,3.60272 
338 ,62.8098 ,1.32203 ,0.35349 ,3.46841 
339 ,63.0178 ,1.32399 ,0.33638 ,3.30052 
340 ,63.2099 ,1.32600 ,0.33638 ,3.30052 
341 ,63.3859 ,1.32769 ,0.35006 ,3.43483 
342 ,63.5620 ,1.32954 ,0.32269 ,3.16620 
343 ,63.7536 ,1.33142 ,0.29531 ,2.89758 
344 ,63.9304 ,1.33318 ,0.28847 ,2.83042 
345 ,64.1058 ,1.33493 ,0.28847 ,2.83042 
346 ,64.2822 ,1.33670 ,0.28847 ,2.83042 
347 ,64.4582 ,1.33846 ,0.26109 ,2.56179 
348 ,64.6343 ,1.34022 ,0.24740 ,2.42748 
349 ,64.8101 ,1.34197 ,0.24740 ,2.42748 
350 ,64.9866 ,1.34375 ,0.23371 ,2.29317 
351 ,65.1786 ,1.34566 ,0.21660 ,2.12528 
352 ,65.3708 ,1.34750 ,0.22344 ,2.19243 
353 ,65.5627 ,1.34946 ,0.19949 ,1.95738 
354 ,65.7549 ,1.35139 ,0.19264 ,1.89023 
355 ,65.9465 ,1.35331 ,0.18922 ,1.85665 
356 ,66.1231 ,1.35508 ,0.17896 ,1.75592 
357 ,66.3146 ,1.35698 ,0.15500 ,1.52087 
358 ,66.5070 ,1.35891 ,0.14816 ,1.45371 
359 ,66.6993 ,1.36091 ,0.14131 ,1.38655 
360 ,66.8753 ,1.36267 ,0.12762 ,1.25224 
361 ,67.0515 ,1.36436 ,0.12078 ,1.18508 
362 ,67.2434 ,1.36631 ,0.11393 ,1.11793 
363 ,67.4035 ,1.36800 ,0.08998 ,0.88288 
364 ,67.6117 ,1.36988 ,0.07287 ,0.71499 
365 ,67.8197 ,1.37204 ,0.05234 ,0.51352 
366 ,67.9957 ,1.37382 ,0.06602 ,0.64783 
367 ,68.1718 ,1.37557 ,0.05234 ,0.51352 
368 ,68.3476 ,1.37732 ,0.04891 ,0.47994 
369 ,68.5398 ,1.37920 ,0.02154 ,0.21131 
370 ,68.7319 ,1.38114 ,0.03180 ,0.31205 
371 ,68.9078 ,1.38299 ,0.02496 ,0.24489 
372 ,69.0841 ,1.38471 ,0.00443 ,0.04342 
373 ,69.2604 ,1.38646 ,0.00100 ,0.00984 
374 ,69.4523 ,1.38841 ,-0.01611 ,-0.15805 
375 ,69.6444 ,1.39039 ,-0.03664 ,-0.35952 
376 ,69.8207 ,1.39207 ,-0.04691 ,-0.46025 
377 ,70.0126 ,1.39395 ,-0.03322 ,-0.32594 
378 ,70.2043 ,1.39577 ,-0.02637 ,-0.25878 
379 ,70.3807 ,1.39768 ,-0.06060 ,-0.59457 
380 ,70.5565 ,1.39943 ,-0.08113 ,-0.79604 
381 ,70.7329 ,1.40115 ,-0.07086 ,-0.69530 
382 ,70.9088 ,1.40299 ,-0.07771 ,-0.76246 
383 ,71.0848 ,1.40470 ,-0.08455 ,-0.82961 
384 ,71.2929 ,1.40661 ,-0.11535 ,-1.13182 
385 ,71.5009 ,1.40882 ,-0.13931 ,-1.36687 
386 ,71.6933 ,1.41077 ,-0.11877 ,-1.16540 
387 ,71.8853 ,1.41269 ,-0.11877 ,-1.16540 
388 ,72.0615 ,1.41449 ,-0.17011 ,-1.66907 
389 ,72.2535 ,1.41638 ,-0.15642 ,-1.53476 
390 ,72.4294 ,1.41816 ,-0.15984 ,-1.56834 
391 ,72.6057 ,1.41992 ,-0.16668 ,-1.63549 
392 ,72.7974 ,1.42174 ,-0.19406 ,-1.90412 
393 ,72.9734 ,1.42354 ,-0.19406 ,-1.90412 
394 ,73.1498 ,1.42534 ,-0.19406 ,-1.90412 
395 ,73.3416 ,1.42727 ,-0.22486 ,-2.20632 
396 ,73.5179 ,1.42900 ,-0.22486 ,-2.20632 
397 ,73.6941 ,1.43091 ,-0.22486 ,-2.20632 
398 ,73.8860 ,1.43265 ,-0.24539 ,-2.40779 
399 ,74.0623 ,1.43448 ,-0.25908 ,-2.54211 
400 ,74.2544 ,1.43633 ,-0.24539 ,-2.40779 
401 ,74.4306 ,1.43813 ,-0.25224 ,-2.47495 
402 ,74.6226 ,1.44002 ,-0.28646 ,-2.81073 
403 ,74.8307 ,1.44206 ,-0.27619 ,-2.71000 
404 ,75.0228 ,1.44403 ,-0.30357 ,-2.97863 
405 ,75.1987 ,1.44581 ,-0.31726 ,-3.11294 
406 ,75.3747 ,1.44760 ,-0.31726 ,-3.11294 
407 ,75.5505 ,1.44936 ,-0.31041 ,-3.04578 
408 ,75.7429 ,1.45123 ,-0.34464 ,-3.38156 
409 ,75.9350 ,1.45318 ,-0.34806 ,-3.41514 
410 ,76.1270 ,1.45503 ,-0.35490 ,-3.48230 
411 ,76.3189 ,1.45702 ,-0.37886 ,-3.71735 
412 ,76.4951 ,1.45875 ,-0.38228 ,-3.75093 
413 ,76.6869 ,1.46063 ,-0.37201 ,-3.65019 
414 ,76.8634 ,1.46248 ,-0.39255 ,-3.85166 
415 ,77.0554 ,1.46430 ,-0.38570 ,-3.78450 
416 ,77.2316 ,1.46611 ,-0.39255 ,-3.85166 
417 ,77.4076 ,1.46795 ,-0.41308 ,-4.05313 
418 ,77.5993 ,1.46976 ,-0.42335 ,-4.15387 
419 ,77.7915 ,1.47175 ,-0.42335 ,-4.15387 
420 ,77.9677 ,1.47349 ,-0.44388 ,-4.35534 
421 ,78.1919 ,1.47557 ,-0.44046 ,-4.32176 
422 ,78.3836 ,1.47754 ,-0.45414 ,-4.45607 
423 ,78.5601 ,1.47948 ,-0.48837 ,-4.79185 
424 ,78.7518 ,1.48137 ,-0.46441 ,-4.55681 
425 ,78.9282 ,1.48306 ,-0.47810 ,-4.69112 
426 ,79.1361 ,1.48513 ,-0.49179 ,-4.82543 
427 ,79.3123 ,1.48698 ,-0.50206 ,-4.92617 
428 ,79.4882 ,1.48875 ,-0.53285 ,-5.22837 
429 ,79.6645 ,1.49056 ,-0.52601 ,-5.16121 
430 ,79.8402 ,1.49225 ,-0.54312 ,-5.32911 
431 ,80.0328 ,1.49411 ,-0.52943 ,-5.19479 
432 ,80.2249 ,1.49606 ,-0.56023 ,-5.49700 
433 ,80.4008 ,1.49789 ,-0.57734 ,-5.66489 
434 ,80.5768 ,1.49964 ,-0.56023 ,-5.49700 
435 ,80.7529 ,1.50133 ,-0.56023 ,-5.49700 
436 ,80.9287 ,1.50306 ,-0.59103 ,-5.79920 
437 ,81.1212 ,1.50491 ,-0.60472 ,-5.93352 
438 ,81.3289 ,1.50703 ,-0.60814 ,-5.96709 
439 ,81.5053 ,1.50886 ,-0.61841 ,-6.06783 
440 ,81.6973 ,1.51070 ,-0.61841 ,-6.06783 
441 ,81.9049 ,1.51284 ,-0.63552 ,-6.23572 
442 ,82.0814 ,1.51459 ,-0.64236 ,-6.30288 
443 ,82.2736 ,1.51653 ,-0.63894 ,-6.26930 
444 ,82.4497 ,1.51831 ,-0.65947 ,-6.47077 
445 ,82.6417 ,1.52022 ,-0.67659 ,-6.63866 
446 ,82.8176 ,1.52199 ,-0.67316 ,-6.60508 
447 ,82.9937 ,1.52377 ,-0.67316 ,-6.60508 
448 ,83.1859 ,1.52557 ,-0.69712 ,-6.84013 
449 ,83.3780 ,1.52750 ,-0.69027 ,-6.77297 
450 ,83.5700 ,1.52950 ,-0.70054 ,-6.87371 
451 ,83.7460 ,1.53126 ,-0.72107 ,-7.07518 
452 ,83.9543 ,1.53323 ,-0.71081 ,-6.97444 
453 ,84.1459 ,1.53520 ,-0.74161 ,-7.27665 
454 ,84.3224 ,1.53702 ,-0.74161 ,-7.27665 
455 ,84.4982 ,1.53877 ,-0.74503 ,-7.31023 
456 ,84.6905 ,1.54062 ,-0.76898 ,-7.54527 
457 ,84.8665 ,1.54241 ,-0.77241 ,-7.57885 
458 ,85.0427 ,1.54422 ,-0.78267 ,-7.67959 
459 ,85.2184 ,1.54602 ,-0.77583 ,-7.61243 
460 ,85.3949 ,1.54776 ,-0.77583 ,-7.61243 
461 ,85.6028 ,1.54973 ,-0.78610 ,-7.71317 
462 ,85.7786 ,1.55158 ,-0.80663 ,-7.91464 
463 ,85.9550 ,1.55333 ,-0.80321 ,-7.88106 
464 ,86.1313 ,1.55508 ,-0.81347 ,-7.98179 
465 ,86.3227 ,1.55693 ,-0.83401 ,-8.18326 
466 ,86.4991 ,1.55883 ,-0.84085 ,-8.25042 
467 ,86.6753 ,1.56062 ,-0.85454 ,-8.38473 
468 ,86.8512 ,1.56228 ,-0.85796 ,-8.41831 
469 ,87.0436 ,1.56425 ,-0.86823 ,-8.51904 
470 ,87.2353 ,1.56611 ,-0.87507 ,-8.58620 
471 ,87.4437 ,1.56807 ,-0.89218 ,-8.75409 
472 ,87.6197 ,1.56996 ,-0.88534 ,-8.68694 
473 ,87.8119 ,1.57186 ,-0.90929 ,-8.92198 
474 ,88.0196 ,1.57397 ,-0.89560 ,-8.78767 
475 ,88.1961 ,1.57572 ,-0.90587 ,-8.88841 
476 ,88.3880 ,1.57764 ,-0.92640 ,-9.08988 
477 ,88.5642 ,1.57942 ,-0.94694 ,-9.29135 
478 ,88.7722 ,1.58142 ,-0.94351 ,-9.25777 
479 ,88.9484 ,1.58337 ,-0.95036 ,-9.32492 
480 ,89.1243 ,1.58502 ,-0.96747 ,-9.49282 
481 ,89.3165 ,1.58694 ,-0.95378 ,-9.35850 
482 ,89.5084 ,1.58878 ,-0.99827 ,-9.79502 
483 ,89.7008 ,1.59070 ,-0.98116 ,-9.62713 
484 ,89.8927 ,1.59276 ,-1.00854 ,-9.89576 
485 ,90.0528 ,1.59441 ,-1.01196 ,-9.92933 
486 ,90.2291 ,1.59602 ,-1.01880 ,-9.99649 
487 ,90.4211 ,1.59790 ,-1.00854 ,-9.89576 
488 ,90.5966 ,1.59973 ,-1.01196 ,-9.92933 
489 ,90.7732 ,1.60152 ,-1.02222 ,-10.03007 
490 ,90.9652 ,1.60343 ,-1.05302 ,-10.33227 
491 ,91.1413 ,1.60518 ,-1.03934 ,-10.19796 
492 ,91.3494 ,1.60714 ,-1.05302 ,-10.33227 
493 ,91.5574 ,1.60926 ,-1.05645 ,-10.36585 
494 ,91.7335 ,1.61105 ,-1.07014 ,-10.50016 
495 ,91.9257 ,1.61296 ,-1.08382 ,-10.63448 
496 ,92.1018 ,1.61480 ,-1.08725 ,-10.66806 
497 ,92.2936 ,1.61666 ,-1.09751 ,-10.76879 
498 ,92.4699 ,1.61850 ,-1.11462 ,-10.93668 
499 ,92.6777 ,1.62045 ,-1.10436 ,-10.83595 
500 ,92.8539 ,1.62227 ,-1.11120 ,-10.90310 
501 ,93.0458 ,1.62423 ,-1.13173 ,-11.10457 
502 ,93.2381 ,1.62617 ,-1.11462 ,-10.93668 
503 ,93.4140 ,1.62794 ,-1.15911 ,-11.37320 
504 ,93.5902 ,1.62961 ,-1.15569 ,-11.33962 
505 ,93.7662 ,1.63140 ,-1.16938 ,-11.47394 
506 ,93.9742 ,1.63347 ,-1.17280 ,-11.50751 
507 ,94.1824 ,1.63547 ,-1.18991 ,-11.67541 
508 ,94.3745 ,1.63749 ,-1.17622 ,-11.54109 
509 ,94.5507 ,1.63927 ,-1.19676 ,-11.74256 
510 ,94.7427 ,1.64115 ,-1.17964 ,-11.57467 
511 ,94.9183 ,1.64296 ,-1.18991 ,-11.67541 
512 ,95.0949 ,1.64469 ,-1.21387 ,-11.91045 
513 ,95.2709 ,1.64644 ,-1.22071 ,-11.97761 
514 ,95.4470 ,1.64820 ,-1.22755 ,-12.04477 
515 ,95.6391 ,1.65010 ,-1.23098 ,-12.07834 
516 ,95.8313 ,1.65199 ,-1.24124 ,-12.17908 
517 ,96.0232 ,1.65402 ,-1.23440 ,-12.11192 
518 ,96.1992 ,1.65570 ,-1.24809 ,-12.24624 
519 ,96.3748 ,1.65749 ,-1.27547 ,-12.51486 
520 ,96.5675 ,1.65938 ,-1.28231 ,-12.58202 
521 ,96.7595 ,1.66131 ,-1.27204 ,-12.48128 
522 ,96.9357 ,1.66312 ,-1.28573 ,-12.61560 
523 ,97.1437 ,1.66511 ,-1.28573 ,-12.61560 
524 ,97.3358 ,1.66712 ,-1.29600 ,-12.71633 
525 ,97.5115 ,1.66899 ,-1.31653 ,-12.91780 
526 ,97.7034 ,1.67071 ,-1.31995 ,-12.95138 
527 ,97.8955 ,1.67262 ,-1.33706 ,-13.11927 
528 ,98.0717 ,1.67445 ,-1.33022 ,-13.05212 
529 ,98.2477 ,1.67625 ,-1.33706 ,-13.11927 
530 ,98.4401 ,1.67804 ,-1.35075 ,-13.25359 
531 ,98.6324 ,1.68005 ,-1.35417 ,-13.28716 
532 ,98.8400 ,1.68206 ,-1.36786 ,-13.42148 
533 ,99.0163 ,1.68387 ,-1.36444 ,-13.38790 
534 ,99.2084 ,1.68581 ,-1.38497 ,-13.58937 
535 ,99.3842 ,1.68757 ,-1.38840 ,-13.62295 
536 ,99.5925 ,1.68957 ,-1.39182 ,-13.65653 
537 ,99.7849 ,1.69157 ,-1.40209 ,-13.75726 
538 ,99.9766 ,1.69342 ,-1.41577 ,-13.89157 
539 ,100.1688 ,1.69536 ,-1.41920 ,-13.92515 
540 ,100.3448 ,1.69715 ,-1.42946 ,-14.02589 
541 ,100.5532 ,1.69920 ,-1.43973 ,-14.12662 
542 ,100.7293 ,1.70100 ,-1.45000 ,-14.22736 
543 ,100.9054 ,1.70278 ,-1.45000 ,-14.22736 
544 ,101.0972 ,1.70464 ,-1.45684 ,-14.29451 
545 ,101.2891 ,1.70654 ,-1.45342 ,-14.26093 
546 ,101.4656 ,1.70839 ,-1.47395 ,-14.46240 
547 ,101.6576 ,1.71028 ,-1.47053 ,-14.42883 
548 ,101.8496 ,1.71223 ,-1.49106 ,-14.63030 
549 ,102.0258 ,1.71395 ,-1.48422 ,-14.56314 
550 ,102.2338 ,1.71598 ,-1.50475 ,-14.76461 
551 ,102.4094 ,1.71782 ,-1.51844 ,-14.89892 
552 ,102.6020 ,1.71968 ,-1.51844 ,-14.89892 
553 ,102.7941 ,1.72167 ,-1.52186 ,-14.93250 
554 ,103.0022 ,1.72360 ,-1.51844 ,-14.89892 
555 ,103.1943 ,1.72564 ,-1.54239 ,-15.13397 
556 ,103.3863 ,1.72754 ,-1.54924 ,-15.20113 
557 ,103.5781 ,1.72957 ,-1.55950 ,-15.30186 
558 ,103.7705 ,1.73136 ,-1.55950 ,-15.30186 
559 ,103.9626 ,1.73331 ,-1.54924 ,-15.20113 
560 ,104.1706 ,1.73537 ,-1.55608 ,-15.26828 
561 ,104.3467 ,1.73717 ,-1.56977 ,-15.40260 
562 ,104.5385 ,1.73908 ,-1.59030 ,-15.60407 
563 ,104.7309 ,1.74095 ,-1.59030 ,-15.60407 
564 ,104.9230 ,1.74296 ,-1.59715 ,-15.67122 
565 ,105.1149 ,1.74478 ,-1.60057 ,-15.70480 
566 ,105.3232 ,1.74688 ,-1.60742 ,-15.77196 
567 ,105.5151 ,1.74879 ,-1.63137 ,-16.00701 
568 ,105.6913 ,1.75066 ,-1.64506 ,-16.14132 
569 ,105.8994 ,1.75274 ,-1.63137 ,-16.00701 
570 ,106.1074 ,1.75461 ,-1.64506 ,-16.14132 
571 ,106.2990 ,1.75676 ,-1.63479 ,-16.04058 
572 ,106.4756 ,1.75845 ,-1.66217 ,-16.30921 
573 ,106.6673 ,1.76039 ,-1.65190 ,-16.20848 
574 ,106.8598 ,1.76233 ,-1.66217 ,-16.30921 
575 ,107.0677 ,1.76436 ,-1.67928 ,-16.47710 
576 ,107.2439 ,1.76614 ,-1.67928 ,-16.47710 
577 ,107.4361 ,1.76802 ,-1.69639 ,-16.64499 
578 ,107.6282 ,1.76990 ,-1.71008 ,-16.77931 
579 ,107.8200 ,1.77186 ,-1.69981 ,-16.67857 
580 ,107.9960 ,1.77364 ,-1.71008 ,-16.77931 
581 ,108.1724 ,1.77541 ,-1.72377 ,-16.91362 
582 ,108.3483 ,1.77715 ,-1.70666 ,-16.74573 
583 ,108.5725 ,1.77938 ,-1.75115 ,-17.18225 
584 ,108.7486 ,1.78122 ,-1.74088 ,-17.08151 
585 ,108.9405 ,1.78312 ,-1.73061 ,-16.98078 
586 ,109.1487 ,1.78510 ,-1.75457 ,-17.21582 
587 ,109.3408 ,1.78702 ,-1.74772 ,-17.14867 
588 ,109.5166 ,1.78893 ,-1.77852 ,-17.45087 
589 ,109.6929 ,1.79061 ,-1.77168 ,-17.38372 
590 ,109.8847 ,1.79249 ,-1.76826 ,-17.35014 
591 ,110.0767 ,1.79440 ,-1.78879 ,-17.55161 
592 ,110.2527 ,1.79622 ,-1.79563 ,-17.61876 
593 ,110.4293 ,1.79800 ,-1.79906 ,-17.65234 
594 ,110.6213 ,1.79978 ,-1.79563 ,-17.61876 
595 ,110.8294 ,1.80193 ,-1.80590 ,-17.71950 
596 ,111.0210 ,1.80389 ,-1.80590 ,-17.71950 
597 ,111.1974 ,1.80563 ,-1.82643 ,-17.92097 
598 ,111.3893 ,1.80752 ,-1.83328 ,-17.98813 
599 ,111.5975 ,1.80961 ,-1.83670 ,-18.02170 
600 ,111.7897 ,1.81158 ,-1.85039 ,-18.15602 
601 ,111.9815 ,1.81352 ,-1.84012 ,-18.05528 
602 ,112.1418 ,1.81521 ,-1.85723 ,-18.22317 
603 ,112.3337 ,1.81692 ,-1.86750 ,-18.32391 
604 ,112.5098 ,1.81881 ,-1.88119 ,-18.45822 
605 ,112.7021 ,1.82069 ,-1.85723 ,-18.22317 
606 ,112.9098 ,1.82264 ,-1.90172 ,-18.65969 
607 ,113.0859 ,1.82451 ,-1.88461 ,-18.49180 
608 ,113.2782 ,1.82645 ,-1.89830 ,-18.62611 
609 ,113.4702 ,1.82837 ,-1.92225 ,-18.86116 
610 ,113.6462 ,1.83014 ,-1.91883 ,-18.82758 
611 ,113.8383 ,1.83199 ,-1.92568 ,-18.89474 
612 ,114.0146 ,1.83384 ,-1.92910 ,-18.92832 
613 ,114.2063 ,1.83566 ,-1.92910 ,-18.92832 
614 ,114.3826 ,1.83754 ,-1.92910 ,-18.92832 
615 ,114.6068 ,1.83965 ,-1.95305 ,-19.16337 
616 ,114.7989 ,1.84168 ,-1.94279 ,-19.06263 
617 ,114.9911 ,1.84346 ,-1.96332 ,-19.26410 
618 ,115.1991 ,1.84563 ,-1.97016 ,-19.33126 
619 ,115.4071 ,1.84766 ,-1.96332 ,-19.26410 
620 ,115.5832 ,1.84951 ,-1.97359 ,-19.36484 
621 ,115.7594 ,1.85127 ,-1.97701 ,-19.39841 
622 ,115.9515 ,1.85311 ,-1.98728 ,-19.49915 
623 ,116.1434 ,1.85508 ,-1.98043 ,-19.43199 
624 ,116.3354 ,1.85690 ,-1.98728 ,-19.49915 
625 ,116.5273 ,1.85889 ,-1.99412 ,-19.56631 
626 ,116.7036 ,1.86072 ,-2.00781 ,-19.70062 
627 ,116.9278 ,1.86277 ,-2.00781 ,-19.70062 
628 ,117.1198 ,1.86481 ,-2.01465 ,-19.76778 
629 ,117.3117 ,1.86669 ,-2.03519 ,-19.96925 
630 ,117.5041 ,1.86863 ,-2.02492 ,-19.86851 
631 ,117.6960 ,1.87061 ,-2.04887 ,-20.10356 
632 ,117.8722 ,1.87239 ,-2.04887 ,-20.10356 
633 ,118.0640 ,1.87433 ,-2.05572 ,-20.17072 
634 ,118.2561 ,1.87615 ,-2.06941 ,-20.30503 
635 ,118.4483 ,1.87810 ,-2.05914 ,-20.20429 
636 ,118.6405 ,1.88006 ,-2.07283 ,-20.33861 
637 ,118.8326 ,1.88200 ,-2.08652 ,-20.47292 
638 ,119.0246 ,1.88385 ,-2.08652 ,-20.47292 
639 ,119.2007 ,1.88561 ,-2.08310 ,-20.43934 
640 ,119.3766 ,1.88746 ,-2.09679 ,-20.57366 
641 ,119.5685 ,1.88920 ,-2.10363 ,-20.64081 
642 ,119.7609 ,1.89114 ,-2.11732 ,-20.77512 
643 ,119.9688 ,1.89328 ,-2.11390 ,-20.74155 
644 ,120.1450 ,1.89510 ,-2.12758 ,-20.87586 
645 ,120.3369 ,1.89692 ,-2.13101 ,-20.90944 
646 ,120.5289 ,1.89893 ,-2.14470 ,-21.04375 
647 ,120.7049 ,1.90068 ,-2.14470 ,-21.04375 
648 ,120.8815 ,1.90245 ,-2.14127 ,-21.01017 
649 ,121.0734 ,1.90437 ,-2.15838 ,-21.17806 
650 ,121.2655 ,1.90631 ,-2.16181 ,-21.21164 
651 ,121.4576 ,1.90817 ,-2.16865 ,-21.27880 
652 ,121.6497 ,1.91010 ,-2.17207 ,-21.31238 
653 ,121.8257 ,1.91193 ,-2.16865 ,-21.27880 
654 ,122.0176 ,1.91376 ,-2.18234 ,-21.41311 
655 ,122.2099 ,1.91567 ,-2.20287 ,-21.61458 
656 ,122.4021 ,1.91759 ,-2.19261 ,-21.51385 
657 ,122.5779 ,1.91941 ,-2.19945 ,-21.58100 
658 ,122.7699 ,1.92139 ,-2.22683 ,-21.84963 
659 ,122.9624 ,1.92332 ,-2.20287 ,-21.61458 
660 ,123.1543 ,1.92517 ,-2.23025 ,-21.88321 
661 ,123.3304 ,1.92693 ,-2.22683 ,-21.84963 
662 ,123.5064 ,1.92867 ,-2.24052 ,-21.98394 
663 ,123.6983 ,1.93056 ,-2.23025 ,-21.88321 
664 ,123.9063 ,1.93259 ,-2.23709 ,-21.95037 
665 ,124.0826 ,1.93450 ,-2.24394 ,-22.01752 
666 ,124.2587 ,1.93626 ,-2.24052 ,-21.98394 
667 ,124.4349 ,1.93797 ,-2.26447 ,-22.21899 
668 ,124.6270 ,1.93990 ,-2.26789 ,-22.25257 
669 ,124.8030 ,1.94168 ,-2.27132 ,-22.28615 
670 ,124.9626 ,1.94336 ,-2.26447 ,-22.21899 
671 ,125.1391 ,1.94504 ,-2.27474 ,-22.31973 
672 ,125.3313 ,1.94686 ,-2.28843 ,-22.45404 
673 ,125.5231 ,1.94880 ,-2.29869 ,-22.55477 
674 ,125.7153 ,1.95071 ,-2.30896 ,-22.65551 
675 ,125.8913 ,1.95257 ,-2.31238 ,-22.68909 
676 ,126.0674 ,1.95426 ,-2.31580 ,-22.72267 
677 ,126.2433 ,1.95603 ,-2.30212 ,-22.58835 
678 ,126.4193 ,1.95785 ,-2.31580 ,-22.72267 
679 ,126.5955 ,1.95958 ,-2.32607 ,-22.82340 
680 ,126.7878 ,1.96143 ,-2.33291 ,-22.89056 
681 ,126.9798 ,1.96344 ,-2.31923 ,-22.75624 
682 ,127.1719 ,1.96534 ,-2.35687 ,-23.12561 
683 ,127.3639 ,1.96723 ,-2.35345 ,-23.09203 
684 ,127.5399 ,1.96897 ,-2.35345 ,-23.09203 
685 ,127.7480 ,1.97105 ,-2.35687 ,-23.12561 
686 ,127.9563 ,1.97308 ,-2.38082 ,-23.36065 
687 ,128.1479 ,1.97509 ,-2.37398 ,-23.29350 
688 ,128.3405 ,1.97706 ,-2.37056 ,-23.25992 
689 ,128.5320 ,1.97903 ,-2.38767 ,-23.42781 
690 ,128.7085 ,1.98067 ,-2.38425 ,-23.39423 
691 ,128.8846 ,1.98248 ,-2.39109 ,-23.46139 
692 ,129.1086 ,1.98454 ,-2.40136 ,-23.56212 
693 ,129.2844 ,1.98653 ,-2.41847 ,-23.73002 
694 ,129.4609 ,1.98818 ,-2.40136 ,-23.56212 
695 ,129.6365 ,1.98994 ,-2.41847 ,-23.73002 
696 ,129.8131 ,1.99178 ,-2.42531 ,-23.79717 
697 ,130.0052 ,1.99362 ,-2.43216 ,-23.86433 
698 ,130.1972 ,1.99551 ,-2.44242 ,-23.96506 
699 ,130.3893 ,1.99745 ,-2.44242 ,-23.96506 
700 ,130.5973 ,1.99952 ,-2.45953 ,-24.13295 
701 ,130.7734 ,2.00134 ,-2.46638 ,-24.20011 
702 ,130.9654 ,2.00324 ,-2.44927 ,-24.03222 
703 ,131.1415 ,2.00503 ,-2.45611 ,-24.09938 
704 ,131.3176 ,2.00679 ,-2.46980 ,-24.23369 
705 ,131.4937 ,2.00860 ,-2.47665 ,-24.30085 
706 ,131.6698 ,2.01035 ,-2.49033 ,-24.43516 
707 ,131.8618 ,2.01221 ,-2.48007 ,-24.33442 
708 ,132.0540 ,2.01412 ,-2.50402 ,-24.56947 
709 ,132.2460 ,2.01612 ,-2.50060 ,-24.53589 
710 ,132.4219 ,2.01781 ,-2.50060 ,-24.53589 
711 ,132.6459 ,2.02004 ,-2.50745 ,-24.60305 
712 ,132.8381 ,2.02202 ,-2.52456 ,-24.77094 
713 ,133.0144 ,2.02377 ,-2.51771 ,-24.70379 
714 ,133.2065 ,2.02564 ,-2.51771 ,-24.70379 
715 ,133.3824 ,2.02745 ,-2.52113 ,-24.73736 
716 ,133.5421 ,2.02912 ,-2.52798 ,-24.80452 
717 ,133.7186 ,2.03078 ,-2.53140 ,-24.83810 
718 ,133.9105 ,2.03269 ,-2.55878 ,-25.10673 
719 ,134.0866 ,2.03446 ,-2.55536 ,-25.07315 
720 ,134.2787 ,2.03637 ,-2.55193 ,-25.03957 
721 ,134.4708 ,2.03822 ,-2.56562 ,-25.17388 
722 ,134.6303 ,2.04001 ,-2.57589 ,-25.27462 
723 ,134.8231 ,2.04176 ,-2.58615 ,-25.37535 
724 ,135.0147 ,2.04373 ,-2.59300 ,-25.44251 
725 ,135.1907 ,2.04550 ,-2.59300 ,-25.44251 
726 ,135.3667 ,2.04721 ,-2.59984 ,-25.50967 
727 ,135.5749 ,2.04916 ,-2.58615 ,-25.37535 
728 ,135.7509 ,2.05110 ,-2.61695 ,-25.67756 
729 ,135.9109 ,2.05284 ,-2.61695 ,-25.67756 
730 ,136.1194 ,2.05464 ,-2.62722 ,-25.77829 
731 ,136.3277 ,2.05677 ,-2.61353 ,-25.64398 
732 ,136.5197 ,2.05872 ,-2.61695 ,-25.67756 
733 ,136.7113 ,2.06061 ,-2.63407 ,-25.84545 
734 ,136.8877 ,2.06249 ,-2.64091 ,-25.91260 
735 ,137.0798 ,2.06439 ,-2.63064 ,-25.81187 
736 ,137.2719 ,2.06632 ,-2.66144 ,-26.11407 
737 ,137.4800 ,2.06832 ,-2.65460 ,-26.04692 
738 ,137.6721 ,2.07031 ,-2.66144 ,-26.11407 
739 ,137.8641 ,2.07221 ,-2.66486 ,-26.14765 
740 ,138.0403 ,2.07397 ,-2.66486 ,-26.14765 
741 ,138.2323 ,2.07591 ,-2.67513 ,-26.24839 
742 ,138.4083 ,2.07761 ,-2.67513 ,-26.24839 
743 ,138.6165 ,2.07970 ,-2.68882 ,-26.38270 
744 ,138.7926 ,2.08149 ,-2.68882 ,-26.38270 
745 ,138.9846 ,2.08336 ,-2.68540 ,-26.34912 
746 ,139.1607 ,2.08515 ,-2.69566 ,-26.44986 
747 ,139.3525 ,2.08705 ,-2.71278 ,-26.61775 
748 ,139.5290 ,2.08887 ,-2.71278 ,-26.61775 
749 ,139.7207 ,2.09075 ,-2.70251 ,-26.51701 
750 ,139.9126 ,2.09261 ,-2.72304 ,-26.71848 
751 ,140.0891 ,2.09452 ,-2.73331 ,-26.81922 
752 ,140.2971 ,2.09649 ,-2.72304 ,-26.71848 
753 ,140.4732 ,2.09830 ,-2.73673 ,-26.85280 
754 ,140.6494 ,2.10012 ,-2.73673 ,-26.85280 
755 ,140.8414 ,2.10197 ,-2.72989 ,-26.78564 
756 ,141.0171 ,2.10384 ,-2.75042 ,-26.98711 
757 ,141.1936 ,2.10554 ,-2.75384 ,-27.02069 
758 ,141.3856 ,2.10745 ,-2.75384 ,-27.02069 
759 ,141.5457 ,2.10911 ,-2.75042 ,-26.98711 
760 ,141.7376 ,2.11092 ,-2.77095 ,-27.18858 
761 ,141.9298 ,2.11289 ,-2.77780 ,-27.25574 
762 ,142.1054 ,2.11465 ,-2.77780 ,-27.25574 
763 ,142.2978 ,2.11644 ,-2.76411 ,-27.12142 
764 ,142.5060 ,2.11856 ,-2.77780 ,-27.25574 
765 ,142.6980 ,2.12047 ,-2.77780 ,-27.25574 
766 ,142.8742 ,2.12233 ,-2.80175 ,-27.49079 
767 ,143.0343 ,2.12401 ,-2.80175 ,-27.49079 
768 ,143.2263 ,2.12577 ,-2.80517 ,-27.52436 
769 ,143.4024 ,2.12758 ,-2.80175 ,-27.49079 
770 ,143.5783 ,2.12930 ,-2.80860 ,-27.55794 
771 ,143.7706 ,2.13131 ,-2.82228 ,-27.69225 
772 ,143.9783 ,2.13326 ,-2.82228 ,-27.69225 
773 ,144.1547 ,2.13509 ,-2.83940 ,-27.86015 
774 ,144.3144 ,2.13684 ,-2.84624 ,-27.92730 
775 ,144.4908 ,2.13844 ,-2.84966 ,-27.96088 
776 ,144.6989 ,2.14041 ,-2.85308 ,-27.99446 
777 ,144.8750 ,2.14232 ,-2.84966 ,-27.96088 
778 ,145.0670 ,2.14421 ,-2.85993 ,-28.06162 
779 ,145.2592 ,2.14606 ,-2.87362 ,-28.19593 
780 ,145.4673 ,2.14816 ,-2.86677 ,-28.12877 
781 ,145.6591 ,2.15013 ,-2.84624 ,-27.92730 
782 ,145.8514 ,2.15208 ,-2.87704 ,-28.22951 
783 ,146.0435 ,2.15393 ,-2.85993 ,-28.06162 
784 ,146.2355 ,2.15586 ,-2.88731 ,-28.33024 
785 ,146.4112 ,2.15762 ,-2.90099 ,-28.46456 
786 ,146.5874 ,2.15943 ,-2.89757 ,-28.43098 
787 ,146.7638 ,2.16118 ,-2.89415 ,-28.39740 
788 ,146.9556 ,2.16304 ,-2.90784 ,-28.53171 
789 ,147.1321 ,2.16489 ,-2.91811 ,-28.63245 
790 ,147.3240 ,2.16670 ,-2.90099 ,-28.46456 
791 ,147.4997 ,2.16855 ,-2.90442 ,-28.49813 
792 ,147.6762 ,2.17029 ,-2.91126 ,-28.56529 
793 ,147.8678 ,2.17218 ,-2.91126 ,-28.56529 
794 ,148.0441 ,2.17397 ,-2.92495 ,-28.69960 
795 ,148.2524 ,2.17604 ,-2.95233 ,-28.96823 
796 ,148.4605 ,2.17811 ,-2.93522 ,-28.80034 
797 ,148.6526 ,2.18004 ,-2.95233 ,-28.96823 
798 ,148.8607 ,2.18209 ,-2.94548 ,-28.90107 
799 ,149.0688 ,2.18416 ,-2.94890 ,-28.93465 
800 ,149.2607 ,2.18616 ,-2.93179 ,-28.76676 
801 ,149.4368 ,2.18794 ,-2.96259 ,-29.06897 
802 ,149.6288 ,2.18983 ,-2.96944 ,-29.13612 
803 ,149.8051 ,2.19161 ,-2.96944 ,-29.13612 
804 ,149.9971 ,2.19340 ,-2.98313 ,-29.27043 
805 ,150.1888 ,2.19539 ,-2.99339 ,-29.37117 
806 ,150.3812 ,2.19725 ,-2.97628 ,-29.20328 
807 ,150.5732 ,2.19923 ,-3.00708 ,-29.50548 
808 ,150.7334 ,2.20100 ,-3.00366 ,-29.47190 
809 ,150.9092 ,2.20264 ,-3.01393 ,-29.57264 
810 ,151.1013 ,2.20457 ,-3.00024 ,-29.43833 
811 ,151.3093 ,2.20654 ,-3.02419 ,-29.67337 
812 ,151.5016 ,2.20847 ,-3.01735 ,-29.60622 
813 ,151.6773 ,2.21028 ,-3.01393 ,-29.57264 
814 ,151.8538 ,2.21206 ,-3.02077 ,-29.63980 
815 ,152.0460 ,2.21398 ,-3.03446 ,-29.77411 
816 ,152.2380 ,2.21582 ,-3.02761 ,-29.70695 
817 ,152.4141 ,2.21769 ,-3.03446 ,-29.77411 
818 ,152.6062 ,2.21957 ,-3.04130 ,-29.84127 
819 ,152.7977 ,2.22142 ,-3.04473 ,-29.87484 
820 ,152.9903 ,2.22331 ,-3.05841 ,-30.00916 
821 ,153.1824 ,2.22528 ,-3.03788 ,-29.80769 
822 ,153.3745 ,2.22725 ,-3.06526 ,-30.07631 
823 ,153.5505 ,2.22904 ,-3.07552 ,-30.17705 
824 ,153.7587 ,2.23101 ,-3.07895 ,-30.21063 
825 ,153.9347 ,2.23293 ,-3.07895 ,-30.21063 
826 ,154.1106 ,2.23461 ,-3.08921 ,-30.31136 
827 ,154.2868 ,2.23640 ,-3.08921 ,-30.31136 
828 ,154.4790 ,2.23821 ,-3.08237 ,-30.24421 
829 ,154.6709 ,2.24021 ,-3.09948 ,-30.41210 
830 ,154.8630 ,2.24213 ,-3.08921 ,-30.31136 
831 ,155.0553 ,2.24402 ,-3.10632 ,-30.47925 
832 ,155.2471 ,2.24599 ,-3.10632 ,-30.47925 
833 ,155.4392 ,2.24786 ,-3.09948 ,-30.41210 
834 ,155.6315 ,2.24972 ,-3.10290 ,-30.44568 
835 ,155.8235 ,2.25179 ,-3.10632 ,-30.47925 
836 ,155.9992 ,2.25350 ,-3.10632 ,-30.47925 
837 ,156.1757 ,2.25526 ,-3.11317 ,-30.54641 
838 ,156.3838 ,2.25724 ,-3.11659 ,-30.57999 
839 ,156.5757 ,2.25923 ,-3.14397 ,-30.84862 
840 ,156.7678 ,2.26118 ,-3.14739 ,-30.88219 
841 ,156.9437 ,2.26293 ,-3.13712 ,-30.78146 
842 ,157.1196 ,2.26472 ,-3.13370 ,-30.74788 
843 ,157.2960 ,2.26644 ,-3.15081 ,-30.91577 
844 ,157.4720 ,2.26829 ,-3.15766 ,-30.98293 
845 ,157.6482 ,2.27001 ,-3.16792 ,-31.08366 
846 ,157.8399 ,2.27186 ,-3.14739 ,-30.88219 
847 ,158.0158 ,2.27366 ,-3.15766 ,-30.98293 
848 ,158.1919 ,2.27548 ,-3.18503 ,-31.25155 
849 ,158.3680 ,2.27721 ,-3.18846 ,-31.28513 
850 ,158.5443 ,2.27896 ,-3.18161 ,-31.21798 
851 ,158.7687 ,2.28122 ,-3.19530 ,-31.35229 
852 ,158.9608 ,2.28312 ,-3.16792 ,-31.08366 
853 ,159.1367 ,2.28485 ,-3.17477 ,-31.15082 
854 ,159.3289 ,2.28677 ,-3.20214 ,-31.41945 
855 ,159.5049 ,2.28852 ,-3.20214 ,-31.41945 
856 ,159.6807 ,2.29032 ,-3.20557 ,-31.45302 
857 ,159.8567 ,2.29207 ,-3.19872 ,-31.38587 
858 ,160.0332 ,2.29380 ,-3.22268 ,-31.62092 
859 ,160.2092 ,2.29559 ,-3.22610 ,-31.65449 
860 ,160.3853 ,2.29731 ,-3.23637 ,-31.75523 
861 ,160.5612 ,2.29912 ,-3.22268 ,-31.62092 
862 ,160.7535 ,2.30106 ,-3.23637 ,-31.75523 
863 ,160.9294 ,2.30276 ,-3.23294 ,-31.72165 
864 ,161.1056 ,2.30456 ,-3.25348 ,-31.92312 
865 ,161.2817 ,2.30629 ,-3.24663 ,-31.85596 
866 ,161.4417 ,2.30801 ,-3.23637 ,-31.75523 
867 ,161.6178 ,2.30970 ,-3.23979 ,-31.78881 
868 ,161.8100 ,2.31151 ,-3.26032 ,-31.99028 
869 ,162.0021 ,2.31342 ,-3.23979 ,-31.78881 
870 ,162.1939 ,2.31539 ,-3.27059 ,-32.09101 
871 ,162.3862 ,2.31728 ,-3.26032 ,-31.99028 
872 ,162.5941 ,2.31935 ,-3.26374 ,-32.02386 
873 ,162.7861 ,2.32133 ,-3.28428 ,-32.22533 
874 ,162.9625 ,2.32310 ,-3.27401 ,-32.12459 
875 ,163.1705 ,2.32511 ,-3.29454 ,-32.32606 
876 ,163.3464 ,2.32700 ,-3.28428 ,-32.22533 
877 ,163.5224 ,2.32868 ,-3.29454 ,-32.32606 
878 ,163.6986 ,2.33052 ,-3.29454 ,-32.32606 
879 ,163.8907 ,2.33234 ,-3.30481 ,-32.42680 
880 ,164.0668 ,2.33414 ,-3.31165 ,-32.49395 
881 ,164.2430 ,2.33592 ,-3.30823 ,-32.46037 
882 ,164.4346 ,2.33776 ,-3.31165 ,-32.49395 
883 ,164.6107 ,2.33957 ,-3.31165 ,-32.49395 
884 ,164.7871 ,2.34137 ,-3.33561 ,-32.72900 
885 ,164.9793 ,2.34320 ,-3.31508 ,-32.52753 
886 ,165.1712 ,2.34518 ,-3.32877 ,-32.66184 
887 ,165.3474 ,2.34691 ,-3.34245 ,-32.79616 
888 ,165.5394 ,2.34885 ,-3.32192 ,-32.59469 
889 ,165.7151 ,2.35059 ,-3.31850 ,-32.56111 
890 ,165.8916 ,2.35239 ,-3.34588 ,-32.82973 
891 ,166.0672 ,2.35413 ,-3.35614 ,-32.93047 
892 ,166.2437 ,2.35589 ,-3.35956 ,-32.96405 
893 ,166.4199 ,2.35770 ,-3.35614 ,-32.93047 
894 ,166.6120 ,2.35959 ,-3.35272 ,-32.89689 
895 ,166.8036 ,2.36143 ,-3.34930 ,-32.86331 
896 ,166.9800 ,2.36327 ,-3.35956 ,-32.96405 
897 ,167.1880 ,2.36516 ,-3.36983 ,-33.06478 
898 ,167.3642 ,2.36709 ,-3.38694 ,-33.23267 
899 ,167.5398 ,2.36888 ,-3.35956 ,-32.96405 
900 ,167.7163 ,2.37064 ,-3.37325 ,-33.09836 
901 ,167.9082 ,2.37252 ,-3.39036 ,-33.26625 
902 ,168.1005 ,2.37453 ,-3.38352 ,-33.19910 
903 ,168.2764 ,2.37620 ,-3.38010 ,-33.16552 
904 ,168.4526 ,2.37800 ,-3.38694 ,-33.23267 
905 ,168.6606 ,2.38001 ,-3.39036 ,-33.26625 
906 ,168.8686 ,2.38208 ,-3.41090 ,-33.46772 
907 ,169.0605 ,2.38402 ,-3.40405 ,-33.40057 
908 ,169.2366 ,2.38583 ,-3.40063 ,-33.36699 
909 ,169.4130 ,2.38761 ,-3.40747 ,-33.43414 
910 ,169.6051 ,2.38950 ,-3.43143 ,-33.66919 
911 ,169.7811 ,2.39128 ,-3.41774 ,-33.53488 
912 ,169.9729 ,2.39325 ,-3.43143 ,-33.66919 
913 ,170.1494 ,2.39497 ,-3.43143 ,-33.66919 
914 ,170.3415 ,2.39688 ,-3.43143 ,-33.66919 
915 ,170.5336 ,2.39870 ,-3.43485 ,-33.70277 
916 ,170.7255 ,2.40067 ,-3.42459 ,-33.60204 
917 ,170.9015 ,2.40247 ,-3.44512 ,-33.80351 
918 ,171.0773 ,2.40425 ,-3.45196 ,-33.87066 
919 ,171.2538 ,2.40602 ,-3.43827 ,-33.73635 
920 ,171.4459 ,2.40784 ,-3.45881 ,-33.93782 
921 ,171.6379 ,2.40978 ,-3.44854 ,-33.83708 
922 ,171.8301 ,2.41179 ,-3.47250 ,-34.07213 
923 ,172.0381 ,2.41377 ,-3.45881 ,-33.93782 
924 ,172.2141 ,2.41564 ,-3.48618 ,-34.20645 
925 ,172.3903 ,2.41739 ,-3.47250 ,-34.07213 
926 ,172.5823 ,2.41918 ,-3.46907 ,-34.03855 
927 ,172.7743 ,2.42110 ,-3.47934 ,-34.13929 
928 ,172.9662 ,2.42310 ,-3.48618 ,-34.20645 
929 ,173.1583 ,2.42498 ,-3.47934 ,-34.13929 
930 ,173.3507 ,2.42696 ,-3.49987 ,-34.34076 
931 ,173.5586 ,2.42893 ,-3.48618 ,-34.20645 
932 ,173.7349 ,2.43078 ,-3.49303 ,-34.27360 
933 ,173.9268 ,2.43268 ,-3.51356 ,-34.47507 
934 ,174.1189 ,2.43466 ,-3.49987 ,-34.34076 
935 ,174.2945 ,2.43642 ,-3.48961 ,-34.24002 
936 ,174.4709 ,2.43818 ,-3.51014 ,-34.44149 
937 ,174.6791 ,2.44020 ,-3.51014 ,-34.44149 
938 ,174.8713 ,2.44218 ,-3.52041 ,-34.54223 
939 ,175.0473 ,2.44399 ,-3.52383 ,-34.57581 
940 ,175.2233 ,2.44568 ,-3.52725 ,-34.60938 
941 ,175.4154 ,2.44751 ,-3.52725 ,-34.60938 
942 ,175.5916 ,2.44938 ,-3.53752 ,-34.71012 
943 ,175.7996 ,2.45133 ,-3.54094 ,-34.74370 
944 ,176.0236 ,2.45350 ,-3.56147 ,-34.94517 
945 ,176.2156 ,2.45554 ,-3.54094 ,-34.74370 
946 ,176.3915 ,2.45735 ,-3.54094 ,-34.74370 
947 ,176.5679 ,2.45917 ,-3.56147 ,-34.94517 
948 ,176.7439 ,2.46095 ,-3.55121 ,-34.84443 
949 ,176.9199 ,2.46261 ,-3.56489 ,-34.97875 
950 ,177.1122 ,2.46445 ,-3.56489 ,-34.97875 
951 ,177.3042 ,2.46649 ,-3.57858 ,-35.11306 
952 ,177.5119 ,2.46849 ,-3.57516 ,-35.07948 
953 ,177.7045 ,2.47038 ,-3.57174 ,-35.04590 
954 ,177.8965 ,2.47235 ,-3.56832 ,-35.01232 
955 ,178.0727 ,2.47417 ,-3.57516 ,-35.07948 
956 ,178.2807 ,2.47605 ,-3.57858 ,-35.11306 
957 ,178.4566 ,2.47801 ,-3.57516 ,-35.07948 
958 ,178.6648 ,2.48002 ,-3.58201 ,-35.14664 
959 ,178.8730 ,2.48210 ,-3.59569 ,-35.28095 
960 ,179.0809 ,2.48413 ,-3.60254 ,-35.34811 
961 ,179.2731 ,2.48607 ,-3.60938 ,-35.41526 
962 ,179.4650 ,2.48808 ,-3.61623 ,-35.48242 
963 ,179.6567 ,2.48996 ,-3.58201 ,-35.14664 
964 ,179.8491 ,2.49188 ,-3.61280 ,-35.44884 
965 ,180.0574 ,2.49391 ,-3.60938 ,-35.41526 
966 ,180.2493 ,2.49593 ,-3.62307 ,-35.54958 
967 ,180.4416 ,2.49787 ,-3.63676 ,-35.68389 
968 ,180.6335 ,2.49972 ,-3.62307 ,-35.54958 
969 ,180.8097 ,2.50150 ,-3.64018 ,-35.71747 
970 ,181.0017 ,2.50341 ,-3.63334 ,-35.65031 
971 ,181.1777 ,2.50520 ,-3.62649 ,-35.58316 
972 ,181.3540 ,2.50697 ,-3.61965 ,-35.51600 
973 ,181.5461 ,2.50883 ,-3.63676 ,-35.68389 
974 ,181.7216 ,2.51070 ,-3.61965 ,-35.51600 
975 ,181.8980 ,2.51237 ,-3.63676 ,-35.68389 
976 ,182.0902 ,2.51427 ,-3.65045 ,-35.81820 
977 ,182.2661 ,2.51606 ,-3.66072 ,-35.91894 
978 ,182.4744 ,2.51812 ,-3.64360 ,-35.75105 
979 ,182.6664 ,2.52010 ,-3.64360 ,-35.75105 
980 ,182.8582 ,2.52199 ,-3.64703 ,-35.78463 
981 ,183.0507 ,2.52383 ,-3.66072 ,-35.91894 
982 ,183.2427 ,2.52584 ,-3.67098 ,-36.01967 
983 ,183.4188 ,2.52764 ,-3.66072 ,-35.91894 
984 ,183.6109 ,2.52952 ,-3.67098 ,-36.01967 
985 ,183.8027 ,2.53137 ,-3.66072 ,-35.91894 
986 ,183.9785 ,2.53322 ,-3.67098 ,-36.01967 
987 ,184.1551 ,2.53495 ,-3.67098 ,-36.01967 
988 ,184.3312 ,2.53670 ,-3.67783 ,-36.08683 
989 ,184.5071 ,2.53846 ,-3.68467 ,-36.15399 
990 ,184.6994 ,2.54032 ,-3.65387 ,-35.85178 
991 ,184.9071 ,2.54243 ,-3.69151 ,-36.22114 
992 ,185.0835 ,2.54421 ,-3.68809 ,-36.18756 
993 ,185.2593 ,2.54597 ,-3.66756 ,-35.98610 
994 ,185.4516 ,2.54788 ,-3.68125 ,-36.12041 
995 ,185.6274 ,2.54967 ,-3.69494 ,-36.25472 
996 ,185.8037 ,2.55139 ,-3.69151 ,-36.22114 
997 ,185.9798 ,2.55320 ,-3.67783 ,-36.08683 
998 ,186.1559 ,2.55499 ,-3.68809 ,-36.18756 
999 ,186.3478 ,2.55674 ,-3.67440 ,-36.05325 
1000 ,186.5399 ,2.55872 ,-3.69494 ,-36.25472 
1001 ,186.7160 ,2.56058 ,-3.67098 ,-36.01967 
1002 ,186.9077 ,2.56249 ,-3.68467 ,-36.15399 
1003 ,187.1003 ,2.56428 ,-3.68809 ,-36.18756 
1004 ,187.2924 ,2.56626 ,-3.67098 ,-36.01967 
1005 ,187.5004 ,2.56834 ,-3.66414 ,-35.95252 
1006 ,187.6764 ,2.57014 ,-3.66414 ,-35.95252 
1007 ,187.8844 ,2.57224 ,-3.67098 ,-36.01967 
1008 ,188.0767 ,2.57406 ,-3.65729 ,-35.88536 
1009 ,188.2524 ,2.57589 ,-3.66414 ,-35.95252 
1010 ,188.4291 ,2.57769 ,-3.66072 ,-35.91894 
1011 ,188.6210 ,2.57957 ,-3.64703 ,-35.78463 
1012 ,188.8130 ,2.58145 ,-3.64360 ,-35.75105 
1013 ,189.0212 ,2.58346 ,-3.64018 ,-35.71747 
1014 ,189.2132 ,2.58553 ,-3.60596 ,-35.38169 
1015 ,189.4054 ,2.58747 ,-3.58885 ,-35.21379 
1016 ,189.5972 ,2.58936 ,-3.54436 ,-34.77728 
1017 ,189.7894 ,2.59126 ,-3.48276 ,-34.17287 
1018 ,189.9655 ,2.59309 ,-3.34588 ,-32.82973 
1019 ,190.1575 ,2.59486 ,0.61699 ,6.05394 
1020 ,190.3337 ,2.59668 ,0.59646 ,5.85247 
1021 ,190.5258 ,2.59855 ,0.57251 ,5.61742 
1022 ,190.7338 ,2.60060 ,0.58277 ,5.71815 
1023 ,190.9097 ,2.60250 ,0.58277 ,5.71815 
1024 ,191.0861 ,2.60423 ,0.58619 ,5.75173 
1025 ,191.2780 ,2.60612 ,0.59304 ,5.81889 
1026 ,191.4858 ,2.60815 ,0.58619 ,5.75173 
1027 ,191.6781 ,2.61010 ,0.59646 ,5.85247 
1028 ,191.8544 ,2.61190 ,0.59304 ,5.81889 
1029 ,192.0462 ,2.61376 ,0.59646 ,5.85247 
1030 ,192.2387 ,2.61563 ,0.60330 ,5.91962 
1031 ,192.4308 ,2.61768 ,0.58619 ,5.75173 
1032 ,192.6224 ,2.61958 ,0.59304 ,5.81889 
1033 ,192.8147 ,2.62153 ,0.59988 ,5.88605 
1034 ,193.0226 ,2.62347 ,0.58619 ,5.75173 
1035 ,193.2310 ,2.62554 ,0.59304 ,5.81889 
1036 ,193.4229 ,2.62758 ,0.61015 ,5.98678 
1037 ,193.5989 ,2.62931 ,0.59304 ,5.81889 
1038 ,193.7911 ,2.63121 ,0.57935 ,5.68458 
1039 ,193.9992 ,2.63331 ,0.60330 ,5.91962 
1040 ,194.1755 ,2.63512 ,0.61015 ,5.98678 
1041 ,194.3672 ,2.63702 ,0.59646 ,5.85247 
1042 ,194.5756 ,2.63898 ,0.60673 ,5.95320 
1043 ,194.7514 ,2.64086 ,0.58277 ,5.71815 
1044 ,194.9273 ,2.64262 ,0.58619 ,5.75173 
1045 ,195.1197 ,2.64449 ,0.59988 ,5.88605 
1046 ,195.2956 ,2.64632 ,0.60673 ,5.95320 
1047 ,195.4718 ,2.64810 ,0.57593 ,5.65100 
1048 ,195.6634 ,2.64994 ,0.59646 ,5.85247 
1049 ,195.8555 ,2.65183 ,0.59646 ,5.85247 
1050 ,196.0316 ,2.65373 ,0.59304 ,5.81889 
1051 ,196.2237 ,2.65551 ,0.60673 ,5.95320 
1052 ,196.3996 ,2.65737 ,0.60330 ,5.91962 
1053 ,196.5923 ,2.65915 ,0.60330 ,5.91962 
1054 ,196.7843 ,2.66123 ,0.61015 ,5.98678 
1055 ,196.9604 ,2.66294 ,0.59646 ,5.85247 
1056 ,197.1685 ,2.66497 ,0.58277 ,5.71815 
1057 ,197.3606 ,2.66686 ,0.60330 ,5.91962 
1058 ,197.5686 ,2.66889 ,0.59304 ,5.81889 
1059 ,197.7608 ,2.67097 ,0.60330 ,5.91962 
1060 ,197.9525 ,2.67287 ,0.59646 ,5.85247 
1061 ,198.1290 ,2.67463 ,0.58962 ,5.78531 
1062 ,198.3210 ,2.67655 ,0.59988 ,5.88605 
1063 ,198.4968 ,2.67832 ,0.60330 ,5.91962 
1064 ,198.6892 ,2.68024 ,0.59304 ,5.81889 
1065 ,198.8812 ,2.68209 ,0.60673 ,5.95320 
1066 ,199.0732 ,2.68403 ,0.59646 ,5.85247 
1067 ,199.2494 ,2.68585 ,0.58962 ,5.78531 
1068 ,199.4731 ,2.68802 ,0.58277 ,5.71815 
1069 ,199.6494 ,2.68986 ,0.58277 ,5.71815 
1070 ,199.8417 ,2.69174 ,0.59646 ,5.85247 
1071 ,200.0334 ,2.69367 ,0.58962 ,5.78531 
1072 ,200.2256 ,2.69557 ,0.59646 ,5.85247 
1073 ,200.4178 ,2.69750 ,0.61015 ,5.98678 
1074 ,200.5940 ,2.69926 ,0.59304 ,5.81889 
1075 ,200.7861 ,2.70117 ,0.58619 ,5.75173 
1076 ,200.9780 ,2.70304 ,0.61015 ,5.98678 
1077 ,201.1539 ,2.70486 ,0.59988 ,5.88605 
1078 ,201.3463 ,2.70677 ,0.58962 ,5.78531 
1079 ,201.5543 ,2.70881 ,0.58962 ,5.78531 
1080 ,201.7305 ,2.71062 ,0.58619 ,5.75173 
1081 ,201.9225 ,2.71248 ,0.60673 ,5.95320 
1082 ,202.0984 ,2.71429 ,0.60673 ,5.95320 
1083 ,202.2743 ,2.71614 ,0.59304 ,5.81889 
1084 ,202.4667 ,2.71790 ,0.59988 ,5.88605 
1085 ,202.6747 ,2.72002 ,0.59988 ,5.88605 
1086 ,202.8509 ,2.72185 ,0.57935 ,5.68458 
1087 ,203.0428 ,2.72375 ,0.59988 ,5.88605 
1088 ,203.2349 ,2.72564 ,0.58619 ,5.75173 
1089 ,203.4108 ,2.72741 ,0.59304 ,5.81889 
1090 ,203.5869 ,2.72922 ,0.59304 ,5.81889 
1091 ,203.7791 ,2.73112 ,0.60673 ,5.95320 
1092 ,203.9552 ,2.73284 ,0.60330 ,5.91962 
1093 ,204.1313 ,2.73461 ,0.59646 ,5.85247 
1094 ,204.3072 ,2.73642 ,0.58962 ,5.78531 
1095 ,204.5151 ,2.73840 ,0.58619 ,5.75173 
1096 ,204.6916 ,2.74022 ,0.58962 ,5.78531 
1097 ,204.8996 ,2.74225 ,0.61015 ,5.98678 
1098 ,205.0917 ,2.74420 ,0.58277 ,5.71815 
1099 ,205.2678 ,2.74598 ,0.58277 ,5.71815 
1100 ,205.4915 ,2.74809 ,0.58619 ,5.75173 
1101 ,205.6839 ,2.75012 ,0.59988 ,5.88605 
1102 ,205.8760 ,2.75206 ,0.60330 ,5.91962 
1103 ,206.0681 ,2.75399 ,0.60330 ,5.91962 
1104 ,206.2602 ,2.75590 ,0.59988 ,5.88605 
1105 ,206.4364 ,2.75765 ,0.60330 ,5.91962 
1106 ,206.6282 ,2.75961 ,0.58277 ,5.71815 
1107 ,206.8044 ,2.76133 ,0.58962 ,5.78531 
1108 ,206.9803 ,2.76312 ,0.61357 ,6.02036 
1109 ,207.1726 ,2.76506 ,0.59988 ,5.88605 
1110 ,207.3807 ,2.76698 ,0.60330 ,5.91962 
1111 ,207.5727 ,2.76901 ,0.60330 ,5.91962 
1112 ,207.7328 ,2.77074 ,0.59646 ,5.85247 
1113 ,207.9250 ,2.77252 ,0.60673 ,5.95320 
1114 ,208.1168 ,2.77441 ,0.60330 ,5.91962 
1115 ,208.3086 ,2.77645 ,0.58962 ,5.78531 
1116 ,208.4852 ,2.77815 ,0.58277 ,5.71815 
1117 ,208.6930 ,2.78019 ,0.58619 ,5.75173 
1118 ,208.8854 ,2.78211 ,0.59988 ,5.88605 
1119 ,209.0933 ,2.78421 ,0.60673 ,5.95320 
1120 ,209.3011 ,2.78621 ,0.61015 ,5.98678 
1121 ,209.4771 ,2.78806 ,0.60330 ,5.91962 
1122 ,209.6537 ,2.78984 ,0.59646 ,5.85247 
1123 ,209.8456 ,2.79163 ,0.60673 ,5.95320 
1124 ,210.0218 ,2.79352 ,0.59304 ,5.81889 
1125 ,210.2139 ,2.79545 ,0.61357 ,6.02036 
1126 ,210.4059 ,2.79725 ,0.59988 ,5.88605 
1127 ,210.6139 ,2.79928 ,0.59988 ,5.88605 
1128 ,210.8221 ,2.80138 ,0.59988 ,5.88605 
1129 ,211.0303 ,2.80355 ,0.59304 ,5.81889 
1130 ,211.2383 ,2.80561 ,0.60330 ,5.91962 
1131 ,211.4304 ,2.80756 ,0.58277 ,5.71815 
1132 ,211.6224 ,2.80953 ,0.59646 ,5.85247 
1133 ,211.8145 ,2.81133 ,0.59646 ,5.85247 
1134 ,212.0064 ,2.81327 ,0.60673 ,5.95320 
1135 ,212.1826 ,2.81511 ,0.61015 ,5.98678 
1136 ,212.3747 ,2.81695 ,0.59988 ,5.88605 
1137 ,212.5508 ,2.81881 ,0.58619 ,5.75173 
1138 ,212.7269 ,2.82057 ,0.59988 ,5.88605 
1139 ,212.9190 ,2.82241 ,0.61357 ,6.02036 
1140 ,213.1108 ,2.82438 ,0.59646 ,5.85247 
1141 ,213.3029 ,2.82626 ,0.61015 ,5.98678 
1142 ,213.4951 ,2.82815 ,0.58962 ,5.78531 
1143 ,213.7033 ,2.83022 ,0.61699 ,6.05394 
1144 ,213.9112 ,2.83237 ,0.59304 ,5.81889 
1145 ,214.0869 ,2.83422 ,0.60673 ,5.95320 
1146 ,214.2796 ,2.83600 ,0.60330 ,5.91962 
1147 ,214.4716 ,2.83802 ,0.60330 ,5.91962 
1148 ,214.6636 ,2.83980 ,0.61015 ,5.98678 
1149 ,214.8557 ,2.84196 ,0.59988 ,5.88605 
1150 ,215.0319 ,2.84360 ,0.59646 ,5.85247 
1151 ,215.2077 ,2.84531 ,0.59988 ,5.88605 
1152 ,215.3835 ,2.84709 ,0.59646 ,5.85247 
1153 ,215.5601 ,2.84891 ,0.61357 ,6.02036 
1154 ,215.7519 ,2.85070 ,0.58962 ,5.78531 
1155 ,215.9280 ,2.85254 ,0.58962 ,5.78531 
1156 ,216.1202 ,2.85442 ,0.61357 ,6.02036 
1157 ,216.3123 ,2.85640 ,0.59646 ,5.85247 
1158 ,216.4882 ,2.85815 ,0.59646 ,5.85247 
1159 ,216.6962 ,2.86019 ,0.60673 ,5.95320 
1160 ,216.8884 ,2.86214 ,0.59304 ,5.81889 
1161 ,217.0806 ,2.86407 ,0.62384 ,6.12109 
1162 ,217.2562 ,2.86580 ,0.60330 ,5.91962 
1163 ,217.4487 ,2.86765 ,0.59646 ,5.85247 
1164 ,217.6408 ,2.86971 ,0.60673 ,5.95320 
1165 ,217.8326 ,2.87155 ,0.58962 ,5.78531 
1166 ,218.0246 ,2.87343 ,0.59304 ,5.81889 
1167 ,218.2007 ,2.87525 ,0.61357 ,6.02036 
1168 ,218.3768 ,2.87701 ,0.60673 ,5.95320 
1169 ,218.5527 ,2.87880 ,0.60330 ,5.91962 
1170 ,218.7449 ,2.88063 ,0.61015 ,5.98678 
1171 ,218.9209 ,2.88251 ,0.59988 ,5.88605 
1172 ,219.1133 ,2.88436 ,0.58962 ,5.78531 
1173 ,219.3216 ,2.88644 ,0.60673 ,5.95320 
1174 ,219.5132 ,2.88847 ,0.59646 ,5.85247 
1175 ,219.6896 ,2.89017 ,0.59304 ,5.81889 
1176 ,219.8657 ,2.89191 ,0.58962 ,5.78531 
1177 ,220.0420 ,2.89370 ,0.59646 ,5.85247 
1178 ,220.2659 ,2.89577 ,0.59988 ,5.88605 
1179 ,220.4580 ,2.89774 ,0.59988 ,5.88605 
1180 ,220.6662 ,2.89984 ,0.58277 ,5.71815 
1181 ,220.8742 ,2.90192 ,0.59304 ,5.81889 
1182 ,221.0500 ,2.90374 ,0.58277 ,5.71815 
1183 ,221.2424 ,2.90571 ,0.60673 ,5.95320 
1184 ,221.4346 ,2.90755 ,0.59646 ,5.85247 
1185 ,221.6425 ,2.90959 ,0.59646 ,5.85247 
1186 ,221.8186 ,2.91142 ,0.61015 ,5.98678 
1187 ,222.0106 ,2.91329 ,0.58619 ,5.75173 
1188 ,222.2028 ,2.91527 ,0.61015 ,5.98678 
1189 ,222.3947 ,2.91721 ,0.59646 ,5.85247 
1190 ,222.5709 ,2.91896 ,0.59304 ,5.81889 
1191 ,222.7467 ,2.92069 ,0.59646 ,5.85247 
1192 ,222.9392 ,2.92256 ,0.61015 ,5.98678 
1193 ,223.1311 ,2.92448 ,0.58277 ,5.71815 
1194 ,223.3233 ,2.92639 ,0.60330 ,5.91962 
1195 ,223.5151 ,2.92832 ,0.59988 ,5.88605 
1196 ,223.7072 ,2.93029 ,0.60330 ,5.91962 
1197 ,223.8994 ,2.93224 ,0.60673 ,5.95320 
1198 ,224.0915 ,2.93418 ,0.59646 ,5.85247 
1199 ,224.2996 ,2.93614 ,0.59646 ,5.85247 
1200 ,224.4917 ,2.93808 ,0.58962 ,5.78531 
1201 ,224.6997 ,2.94011 ,0.61015 ,5.98678 
1202 ,224.8914 ,2.94213 ,0.60330 ,5.91962 
1203 ,225.0679 ,2.94388 ,0.59304 ,5.81889 
1204 ,225.2441 ,2.94571 ,0.59304 ,5.81889 
1205 ,225.4364 ,2.94760 ,0.61357 ,6.02036 
1206 ,225.6280 ,2.94948 ,0.59646 ,5.85247 
1207 ,225.8204 ,2.95145 ,0.60330 ,5.91962 
1208 ,226.0124 ,2.95340 ,0.60673 ,5.95320 
1209 ,226.2366 ,2.95546 ,0.59646 ,5.85247 
1210 ,226.4288 ,2.95757 ,0.59304 ,5.81889 
1211 ,226.6045 ,2.95935 ,0.61015 ,5.98678 
1212 ,226.7806 ,2.96105 ,0.60330 ,5.91962 
1213 ,226.9725 ,2.96295 ,0.59304 ,5.81889 
1214 ,227.1648 ,2.96484 ,0.58962 ,5.78531 
1215 ,227.3729 ,2.96690 ,0.58962 ,5.78531 
1216 ,227.5489 ,2.96872 ,0.59646 ,5.85247 
1217 ,227.7409 ,2.97060 ,0.62384 ,6.12109 
1218 ,227.9491 ,2.97264 ,0.58619 ,5.75173 
1219 ,228.1250 ,2.97451 ,0.61015 ,5.98678 
1220 ,228.3172 ,2.97630 ,0.60673 ,5.95320 
1221 ,228.5251 ,2.97847 ,0.60330 ,5.91962 
1222 ,228.7170 ,2.98050 ,0.61015 ,5.98678 
1223 ,228.9093 ,2.98223 ,0.58962 ,5.78531 
1224 ,229.0855 ,2.98404 ,0.59304 ,5.81889 
1225 ,229.2614 ,2.98582 ,0.61015 ,5.98678 
1226 ,229.4537 ,2.98776 ,0.59304 ,5.81889 
1227 ,229.6454 ,2.98965 ,0.59646 ,5.85247 
1228 ,229.8219 ,2.99143 ,0.61015 ,5.98678 
1229 ,230.0139 ,2.99330 ,0.58962 ,5.78531 
1230 ,230.2055 ,2.99523 ,0.60673 ,5.95320 
1231 ,230.3820 ,2.99706 ,0.60673 ,5.95320 
1232 ,230.5901 ,2.99904 ,0.59988 ,5.88605 
1233 ,230.7821 ,3.00099 ,0.61357 ,6.02036 
1234 ,230.9742 ,3.00290 ,0.59646 ,5.85247 
1235 ,231.1504 ,3.00471 ,0.59304 ,5.81889 
1236 ,231.3260 ,3.00653 ,0.61699 ,6.05394 
1237 ,231.5025 ,3.00828 ,0.59646 ,5.85247 
1238 ,231.7267 ,3.01036 ,0.58962 ,5.78531 
1239 ,231.9346 ,3.01248 ,0.60330 ,5.91962 
1240 ,232.1107 ,3.01431 ,0.59646 ,5.85247 
1241 ,232.2867 ,3.01608 ,0.57935 ,5.68458 
1242 ,232.4789 ,3.01797 ,0.61357 ,6.02036 
1243 ,232.6707 ,3.01998 ,0.59304 ,5.81889 
1244 ,232.8466 ,3.02170 ,0.58619 ,5.75173 
1245 ,233.0231 ,3.02345 ,0.59646 ,5.85247 
1246 ,233.2153 ,3.02535 ,0.59988 ,5.88605 
1247 ,233.4072 ,3.02721 ,0.59304 ,5.81889 
1248 ,233.5993 ,3.02911 ,0.61015 ,5.98678 
1249 ,233.8073 ,3.03121 ,0.59988 ,5.88605 
1250 ,233.9835 ,3.03301 ,0.59988 ,5.88605 
1251 ,234.1755 ,3.03491 ,0.59988 ,5.88605 
1252 ,234.3836 ,3.03696 ,0.61015 ,5.98678 
1253 ,234.5757 ,3.03884 ,0.60673 ,5.95320 
1254 ,234.7518 ,3.04075 ,0.60330 ,5.91962 
1255 ,234.9599 ,3.04271 ,0.61357 ,6.02036 
1256 ,235.1520 ,3.04476 ,0.60673 ,5.95320 
1257 ,235.3440 ,3.04657 ,0.60330 ,5.91962 
1258 ,235.5201 ,3.04842 ,0.60673 ,5.95320 
1259 ,235.6962 ,3.05018 ,0.61699 ,6.05394 
1260 ,235.8881 ,3.05203 ,0.58962 ,5.78531 
1261 ,236.0802 ,3.05391 ,0.60673 ,5.95320 
1262 ,236.2724 ,3.05594 ,0.61357 ,6.02036 
1263 ,236.4485 ,3.05772 ,0.60673 ,5.95320 
1264 ,236.6403 ,3.05963 ,0.60673 ,5.95320 
1265 ,236.8328 ,3.06147 ,0.58962 ,5.78531 
1266 ,237.0408 ,3.06352 ,0.61015 ,5.98678 
1267 ,237.2328 ,3.06544 ,0.59646 ,5.85247 
1268 ,237.4090 ,3.06734 ,0.58962 ,5.78531 
1269 ,237.5847 ,3.06909 ,0.61015 ,5.98678 
1270 ,237.7605 ,3.07079 ,0.61015 ,5.98678 
1271 ,237.9373 ,3.07256 ,0.61699 ,6.05394 
1272 ,238.1451 ,3.07461 ,0.59646 ,5.85247 
1273 ,238.3373 ,3.07651 ,0.62042 ,6.08752 
1274 ,238.5291 ,3.07843 ,0.58962 ,5.78531 
1275 ,238.7215 ,3.08038 ,0.61357 ,6.02036 
1276 ,238.9130 ,3.08232 ,0.61357 ,6.02036 
1277 ,239.1056 ,3.08416 ,0.59304 ,5.81889 
1278 ,239.2815 ,3.08604 ,0.60330 ,5.91962 
1279 ,239.4737 ,3.08795 ,0.60673 ,5.95320 
1280 ,239.6656 ,3.08979 ,0.58962 ,5.78531 
1281 ,239.8575 ,3.09180 ,0.61015 ,5.98678 
1282 ,240.0498 ,3.09358 ,0.58962 ,5.78531 
1283 ,240.2581 ,3.09569 ,0.62042 ,6.08752 
1284 ,240.4498 ,3.09763 ,0.59988 ,5.88605 
1285 ,240.6262 ,3.09946 ,0.58619 ,5.75173 
1286 ,240.8183 ,3.10134 ,0.60330 ,5.91962 
1287 ,241.0104 ,3.10324 ,0.60673 ,5.95320 
1288 ,241.1862 ,3.10505 ,0.58962 ,5.78531 
1289 ,241.3626 ,3.10682 ,0.60330 ,5.91962 
1290 ,241.5546 ,3.10868 ,0.61699 ,6.05394 
1291 ,241.7627 ,3.11072 ,0.61357 ,6.02036 
1292 ,241.9388 ,3.11263 ,0.62042 ,6.08752 
1293 ,242.1143 ,3.11437 ,0.60330 ,5.91962 
1294 ,242.3069 ,3.11618 ,0.58962 ,5.78531 
1295 ,242.4990 ,3.11809 ,0.60673 ,5.95320 
1296 ,242.6911 ,3.11997 ,0.59646 ,5.85247 
1297 ,242.8832 ,3.12203 ,0.59988 ,5.88605 
1298 ,243.0749 ,3.12389 ,0.61357 ,6.02036 
1299 ,243.2673 ,3.12579 ,0.59646 ,5.85247 
1300 ,243.4754 ,3.12793 ,0.60330 ,5.91962 
1301 ,243.6672 ,3.12980 ,0.60330 ,5.91962 
1302 ,243.8435 ,3.13156 ,0.59304 ,5.81889 
1303 ,244.0196 ,3.13337 ,0.59304 ,5.81889 
1304 ,244.2117 ,3.13522 ,0.58962 ,5.78531 
1305 ,244.3874 ,3.13702 ,0.59304 ,5.81889 
1306 ,244.5794 ,3.13895 ,0.58962 ,5.78531 
1307 ,244.7559 ,3.14068 ,0.61357 ,6.02036 
1308 ,244.9480 ,3.14258 ,0.58619 ,5.75173 
1309 ,245.1403 ,3.14457 ,0.60330 ,5.91962 
1310 ,245.3323 ,3.14647 ,0.61015 ,5.98678 
1311 ,245.5403 ,3.14852 ,0.61015 ,5.98678 
1312 ,245.7160 ,3.15030 ,0.61015 ,5.98678 
1313 ,245.9084 ,3.15226 ,0.59988 ,5.88605 
1314 ,246.1004 ,3.15408 ,0.61015 ,5.98678 
1315 ,246.2924 ,3.15594 ,0.61699 ,6.05394 
1316 ,246.4845 ,3.15803 ,0.59304 ,5.81889 
1317 ,246.6764 ,3.15998 ,0.59988 ,5.88605 
1318 ,246.8529 ,3.16167 ,0.61357 ,6.02036 
1319 ,247.0450 ,3.16354 ,0.60673 ,5.95320 
1320 ,247.2370 ,3.16549 ,0.61357 ,6.02036 
1321 ,247.4286 ,3.16740 ,0.61357 ,6.02036 
1322 ,247.6051 ,3.16919 ,0.58962 ,5.78531 
1323 ,247.7969 ,3.17110 ,0.61699 ,6.05394 
1324 ,247.9732 ,3.17294 ,0.59646 ,5.85247 
1325 ,248.1651 ,3.17478 ,0.59646 ,5.85247 
1326 ,248.3574 ,3.17664 ,0.60673 ,5.95320 
1327 ,248.5335 ,3.17858 ,0.59646 ,5.85247 
1328 ,248.7095 ,3.18027 ,0.59988 ,5.88605 
1329 ,248.9016 ,3.18217 ,0.59988 ,5.88605 
1330 ,249.1097 ,3.18412 ,0.61357 ,6.02036 
1331 ,249.3178 ,3.18625 ,0.61357 ,6.02036 
1332 ,249.4940 ,3.18808 ,0.61699 ,6.05394 
1333 ,249.7020 ,3.19008 ,0.59988 ,5.88605 
1334 ,249.8942 ,3.19209 ,0.59646 ,5.85247 
1335 ,250.0861 ,3.19393 ,0.59304 ,5.81889 
1336 ,250.2782 ,3.19585 ,0.60673 ,5.95320 
1337 ,250.4861 ,3.19792 ,0.59646 ,5.85247 
1338 ,250.6784 ,3.19992 ,0.59988 ,5.88605 
1339 ,250.9025 ,3.20199 ,0.59988 ,5.88605 
1340 ,251.0945 ,3.20409 ,0.61015 ,5.98678 
1341 ,251.2706 ,3.20584 ,0.60673 ,5.95320 
1342 ,251.4786 ,3.20786 ,0.61699 ,6.05394 
1343 ,251.6706 ,3.20976 ,0.59988 ,5.88605 
1344 ,251.8627 ,3.21174 ,0.58962 ,5.78531 
1345 ,252.0549 ,3.21369 ,0.61357 ,6.02036 
1346 ,252.2311 ,3.21544 ,0.61357 ,6.02036 
1347 ,252.4228 ,3.21729 ,0.60673 ,5.95320 
1348 ,252.6152 ,3.21919 ,0.61357 ,6.02036 
1349 ,252.8069 ,3.22108 ,0.61015 ,5.98678 
1350 ,252.9833 ,3.22293 ,0.58962 ,5.78531 
1351 ,253.1752 ,3.22483 ,0.62042 ,6.08752 
1352 ,253.3515 ,3.22665 ,0.61015 ,5.98678 
1353 ,253.5435 ,3.22856 ,0.59646 ,5.85247 
1354 ,253.7356 ,3.23054 ,0.59988 ,5.88605 
1355 ,253.9112 ,3.23226 ,0.61015 ,5.98678 
1356 ,254.0876 ,3.23398 ,0.59988 ,5.88605 
1357 ,254.2637 ,3.23580 ,0.58962 ,5.78531 
1358 ,254.4400 ,3.23757 ,0.60330 ,5.91962 
1359 ,254.6319 ,3.23942 ,0.61699 ,6.05394 
1360 ,254.8080 ,3.24118 ,0.60673 ,5.95320 
1361 ,255.0157 ,3.24319 ,0.62042 ,6.08752 
1362 ,255.1921 ,3.24504 ,0.61015 ,5.98678 
1363 ,255.3682 ,3.24681 ,0.59646 ,5.85247 
1364 ,255.5763 ,3.24882 ,0.61357 ,6.02036 
1365 ,255.7845 ,3.25090 ,0.58962 ,5.78531 
1366 ,255.9764 ,3.25283 ,0.61357 ,6.02036 
1367 ,256.1527 ,3.25464 ,0.61699 ,6.05394 
1368 ,256.3602 ,3.25666 ,0.62042 ,6.08752 
1369 ,256.5367 ,3.25851 ,0.59988 ,5.88605 
1370 ,256.7127 ,3.26025 ,0.61015 ,5.98678 
1371 ,256.9050 ,3.26213 ,0.61015 ,5.98678 
1372 ,257.1126 ,3.26418 ,0.60330 ,5.91962 
1373 ,257.3049 ,3.26614 ,0.59304 ,5.81889 
1374 ,257.5132 ,3.26820 ,0.60673 ,5.95320 
1375 ,257.7053 ,3.27010 ,0.59988 ,5.88605 
1376 ,257.8973 ,3.27202 ,0.61699 ,6.05394 
1377 ,258.0894 ,3.27392 ,0.58962 ,5.78531 
1378 ,258.2655 ,3.27577 ,0.59646 ,5.85247 
1379 ,258.4575 ,3.27764 ,0.60673 ,5.95320 
1380 ,258.6337 ,3.27949 ,0.60330 ,5.91962 
1381 ,258.8096 ,3.28122 ,0.61015 ,5.98678 
1382 ,258.9856 ,3.28298 ,0.59988 ,5.88605 
1383 ,259.1776 ,3.28485 ,0.60673 ,5.95320 
1384 ,259.3858 ,3.28691 ,0.59988 ,5.88605 
1385 ,259.5940 ,3.28899 ,0.62042 ,6.08752 
1386 ,259.7699 ,3.29083 ,0.60673 ,5.95320 
1387 ,259.9623 ,3.29269 ,0.59304 ,5.81889 
1388 ,260.1538 ,3.29456 ,0.59304 ,5.81889 
1389 ,260.3299 ,3.29639 ,0.61015 ,5.98678 
1390 ,260.5222 ,3.29827 ,0.59988 ,5.88605 
1391 ,260.7145 ,3.30020 ,0.60330 ,5.91962 
1392 ,260.9063 ,3.30212 ,0.59304 ,5.81889 
1393 ,261.0826 ,3.30394 ,0.59304 ,5.81889 
1394 ,261.2588 ,3.30568 ,0.59988 ,5.88605 
1395 ,261.4508 ,3.30760 ,0.60673 ,5.95320 
1396 ,261.6267 ,3.30937 ,0.59988 ,5.88605 
1397 ,261.8029 ,3.31112 ,0.59304 ,5.81889 
1398 ,261.9787 ,3.31292 ,0.60330 ,5.91962 
1399 ,262.1870 ,3.31495 ,0.59988 ,5.88605 
1400 ,262.3632 ,3.31683 ,0.61015 ,5.98678 
1401 ,262.5393 ,3.31853 ,0.59988 ,5.88605 
1402 ,262.7474 ,3.32052 ,0.59988 ,5.88605 
1403 ,262.9233 ,3.32237 ,0.59988 ,5.88605 
1404 ,263.1153 ,3.32416 ,0.61015 ,5.98678 
1405 ,263.2915 ,3.32604 ,0.59304 ,5.81889 
1406 ,263.4837 ,3.32792 ,0.58277 ,5.71815 
1407 ,263.6758 ,3.32979 ,0.59988 ,5.88605 
1408 ,263.8837 ,3.33189 ,0.59304 ,5.81889 
1409 ,264.0758 ,3.33390 ,0.59988 ,5.88605 
1410 ,264.2520 ,3.33559 ,0.61015 ,5.98678 
1411 ,264.4281 ,3.33740 ,0.60673 ,5.95320 
1412 ,264.6357 ,3.33936 ,0.61357 ,6.02036 
1413 ,264.8281 ,3.34129 ,0.60673 ,5.95320 
1414 ,265.0360 ,3.34340 ,0.61357 ,6.02036 
1415 ,265.2125 ,3.34521 ,0.61015 ,5.98678 
1416 ,265.4044 ,3.34709 ,0.59646 ,5.85247 
1417 ,265.5806 ,3.34891 ,0.59646 ,5.85247 
1418 ,265.7563 ,3.35063 ,0.62042 ,6.08752 
1419 ,265.9485 ,3.35248 ,0.59646 ,5.85247 
1420 ,266.1247 ,3.35429 ,0.58962 ,5.78531 
1421 ,266.3008 ,3.35608 ,0.59988 ,5.88605 
1422 ,266.4928 ,3.35796 ,0.60673 ,5.95320 
1423 ,266.7165 ,3.36007 ,0.60673 ,5.95320 
1424 ,266.9088 ,3.36209 ,0.60330 ,5.91962 
1425 ,267.1010 ,3.36404 ,0.61357 ,6.02036 
1426 ,267.2932 ,3.36601 ,0.61015 ,5.98678 
1427 ,267.4690 ,3.36779 ,0.61357 ,6.02036 
1428 ,267.6612 ,3.36965 ,0.59304 ,5.81889 
1429 ,267.8370 ,3.37139 ,0.59304 ,5.81889 
1430 ,268.0134 ,3.37321 ,0.61699 ,6.05394 
1431 ,268.1895 ,3.37497 ,0.61015 ,5.98678 
1432 ,268.3657 ,3.37671 ,0.59988 ,5.88605 
1433 ,268.5577 ,3.37869 ,0.59646 ,5.85247 
1434 ,268.7499 ,3.38051 ,0.60330 ,5.91962 
1435 ,268.9420 ,3.38249 ,0.59304 ,5.81889 
1436 ,269.1175 ,3.38427 ,0.60673 ,5.95320 
1437 ,269.2941 ,3.38599 ,0.61357 ,6.02036 
1438 ,269.4862 ,3.38787 ,0.60330 ,5.91962 
1439 ,269.6781 ,3.38978 ,0.61015 ,5.98678 
1440 ,269.8543 ,3.39165 ,0.58619 ,5.75173 
1441 ,270.0304 ,3.39341 ,0.61015 ,5.98678 
1442 ,270.2064 ,3.39511 ,0.59988 ,5.88605 
1443 ,270.3825 ,3.39691 ,0.59304 ,5.81889 
1444 ,270.5743 ,3.39876 ,0.61015 ,5.98678 
1445 ,270.7987 ,3.40102 ,0.60673 ,5.95320 
1446 ,271.0067 ,3.40299 ,0.59646 ,5.85247 
1447 ,271.1988 ,3.40498 ,0.60673 ,5.95320 
1448 ,271.4067 ,3.40704 ,0.59304 ,5.81889 
1449 ,271.5986 ,3.40893 ,0.60330 ,5.91962 
1450 ,271.7750 ,3.41078 ,0.61357 ,6.02036 
1451 ,271.9511 ,3.41262 ,0.60330 ,5.91962 
1452 ,272.1587 ,3.41457 ,0.58619 ,5.75173 
1453 ,272.3352 ,3.41642 ,0.62042 ,6.08752 
1454 ,272.5111 ,3.41817 ,0.60330 ,5.91962 
1455 ,272.6873 ,3.41992 ,0.60330 ,5.91962 
1456 ,272.8791 ,3.42189 ,0.59304 ,5.81889 
1457 ,273.0556 ,3.42361 ,0.61357 ,6.02036 
1458 ,273.2634 ,3.42562 ,0.60673 ,5.95320 
1459 ,273.4557 ,3.42759 ,0.61015 ,5.98678 
1460 ,273.6475 ,3.42953 ,0.59988 ,5.88605 
1461 ,273.8238 ,3.43126 ,0.59646 ,5.85247 
1462 ,274.0158 ,3.43323 ,0.60673 ,5.95320 
1463 ,274.2078 ,3.43505 ,0.59988 ,5.88605 
1464 ,274.3840 ,3.43689 ,0.59988 ,5.88605 
1465 ,274.5761 ,3.43878 ,0.61699 ,6.05394 
1466 ,274.7682 ,3.44063 ,0.59988 ,5.88605 
1467 ,274.9442 ,3.44256 ,0.61015 ,5.98678 
1468 ,275.1202 ,3.44420 ,0.59988 ,5.88605 
1469 ,275.2960 ,3.44598 ,0.60673 ,5.95320 
1470 ,275.4883 ,3.44783 ,0.59988 ,5.88605 
1471 ,275.6807 ,3.44983 ,0.59988 ,5.88605 
1472 ,275.8722 ,3.45178 ,0.59646 ,5.85247 
1473 ,276.0486 ,3.45350 ,0.61015 ,5.98678 
1474 ,276.2248 ,3.45527 ,0.59988 ,5.88605 
1475 ,276.4165 ,3.45715 ,0.61357 ,6.02036 
1476 ,276.6088 ,3.45906 ,0.59304 ,5.81889 
1477 ,276.8168 ,3.46110 ,0.61357 ,6.02036 
1478 ,277.0092 ,3.46305 ,0.60673 ,5.95320 
1479 ,277.2012 ,3.46508 ,0.59988 ,5.88605 
1480 ,277.4093 ,3.46703 ,0.59304 ,5.81889 
1481 ,277.6171 ,3.46914 ,0.61015 ,5.98678 
1482 ,277.8095 ,3.47105 ,0.58277 ,5.71815 
1483 ,278.0011 ,3.47301 ,0.59988 ,5.88605 
1484 ,278.1613 ,3.47477 ,0.60330 ,5.91962 
1485 ,278.3214 ,3.47634 ,0.60673 ,5.95320 
1486 ,278.5137 ,3.47805 ,0.60673 ,5.95320 
1487 ,278.7056 ,3.48003 ,0.59304 ,5.81889 
1488 ,278.9137 ,3.48213 ,0.60330 ,5.91962 
1489 ,279.1056 ,3.48403 ,0.58962 ,5.78531 
1490 ,279.2815 ,3.48591 ,0.62042 ,6.08752 
1491 ,279.4576 ,3.48758 ,0.60330 ,5.91962 
1492 ,279.6658 ,3.48956 ,0.59646 ,5.85247 
1493 ,279.8581 ,3.49156 ,0.61015 ,5.98678 
1494 ,280.0661 ,3.49363 ,0.58277 ,5.71815 
1495 ,280.2585 ,3.49547 ,0.59988 ,5.88605 
1496 ,280.4505 ,3.49725 ,0.59646 ,5.85247 
1497 ,280.6427 ,3.49851 ,0.61015 ,5.98678 
1498 ,280.8346 ,3.49942 ,0.60330 ,5.91962 
1499 ,281.0427 ,3.49991 ,0.59646 ,5.85247 
1500 ,281.2187 ,3.50000 ,0.60330 ,5.91962 
