Data stamp = , 22-04-2022 15:21:16 342

Calibration Values: 
Slope = , 26.54 , g/V 
Offset Voltage at no contact = , -0.501760 , V 

No , Time , Stage Position ,   Mass , Force 
   ,  (s) ,      (mm)      ,   (g)  , (mN)  

1 ,0.0000 ,0.74948 ,5.06923 ,49.73931 
2 ,0.2266 ,0.74959 ,5.05897 ,49.63857 
3 ,0.5469 ,0.75050 ,5.06239 ,49.67215 
4 ,0.7550 ,0.75207 ,5.05554 ,49.60499 
5 ,0.9633 ,0.75382 ,5.06581 ,49.70573 
6 ,1.1394 ,0.75563 ,5.07265 ,49.77289 
7 ,1.3313 ,0.75752 ,5.05897 ,49.63857 
8 ,1.5236 ,0.75937 ,5.06581 ,49.70573 
9 ,1.7315 ,0.76154 ,5.04185 ,49.47068 
10 ,1.9075 ,0.76329 ,5.02817 ,49.33637 
11 ,2.1155 ,0.76529 ,5.00763 ,49.13490 
12 ,2.3239 ,0.76740 ,5.02132 ,49.26921 
13 ,2.5155 ,0.76930 ,4.99737 ,49.03416 
14 ,2.6920 ,0.77115 ,4.96657 ,48.73196 
15 ,2.8841 ,0.77303 ,4.95972 ,48.66480 
16 ,3.0921 ,0.77513 ,4.92550 ,48.32902 
17 ,3.2842 ,0.77705 ,4.90839 ,48.16113 
18 ,3.4603 ,0.77882 ,4.90497 ,48.12755 
19 ,3.6362 ,0.78067 ,4.88101 ,47.89250 
20 ,3.8124 ,0.78242 ,4.87075 ,47.79177 
21 ,3.9885 ,0.78408 ,4.85706 ,47.65745 
22 ,4.1806 ,0.78603 ,4.84679 ,47.55672 
23 ,4.3726 ,0.78801 ,4.81599 ,47.25451 
24 ,4.5485 ,0.78967 ,4.79204 ,47.01946 
25 ,4.7410 ,0.79157 ,4.79204 ,47.01946 
26 ,4.9329 ,0.79357 ,4.76808 ,46.78442 
27 ,5.1086 ,0.79533 ,4.73728 ,46.48221 
28 ,5.2846 ,0.79702 ,4.72702 ,46.38148 
29 ,5.4449 ,0.79880 ,4.71675 ,46.28074 
30 ,5.7970 ,0.80218 ,4.69279 ,46.04569 
31 ,6.0052 ,0.80426 ,4.66884 ,45.81065 
32 ,6.1814 ,0.80604 ,4.65173 ,45.64275 
33 ,6.3575 ,0.80782 ,4.64146 ,45.54202 
34 ,6.5337 ,0.80956 ,4.60724 ,45.20624 
35 ,6.7096 ,0.81135 ,4.59355 ,45.07192 
36 ,6.9018 ,0.81320 ,4.56960 ,44.83688 
37 ,7.0937 ,0.81515 ,4.55591 ,44.70256 
38 ,7.2699 ,0.81693 ,4.52853 ,44.43394 
39 ,7.4780 ,0.81885 ,4.52853 ,44.43394 
40 ,7.6540 ,0.82076 ,4.50800 ,44.23247 
41 ,7.8457 ,0.82266 ,4.48404 ,43.99742 
42 ,8.0378 ,0.82451 ,4.46693 ,43.82953 
43 ,8.2137 ,0.82639 ,4.44640 ,43.62806 
44 ,8.3902 ,0.82807 ,4.42929 ,43.46016 
45 ,8.5661 ,0.82989 ,4.40875 ,43.25870 
46 ,8.7745 ,0.83189 ,4.39849 ,43.15796 
47 ,8.9826 ,0.83396 ,4.37795 ,42.95649 
48 ,9.1748 ,0.83594 ,4.36084 ,42.78860 
49 ,9.3668 ,0.83792 ,4.33689 ,42.55355 
50 ,9.5430 ,0.83965 ,4.32320 ,42.41924 
51 ,9.7509 ,0.84162 ,4.32320 ,42.41924 
52 ,9.9266 ,0.84344 ,4.27529 ,41.94914 
53 ,10.1028 ,0.84525 ,4.26160 ,41.81483 
54 ,10.2950 ,0.84715 ,4.25476 ,41.74767 
55 ,10.4871 ,0.84898 ,4.22396 ,41.44547 
56 ,10.6634 ,0.85080 ,4.22053 ,41.41189 
57 ,10.8553 ,0.85270 ,4.20000 ,41.21042 
58 ,11.0470 ,0.85464 ,4.16236 ,40.84106 
59 ,11.2234 ,0.85642 ,4.16578 ,40.87464 
60 ,11.4154 ,0.85835 ,4.15894 ,40.80748 
61 ,11.6236 ,0.86037 ,4.13156 ,40.53885 
62 ,11.8477 ,0.86251 ,4.10076 ,40.23665 
63 ,12.0237 ,0.86446 ,4.07680 ,40.00160 
64 ,12.2158 ,0.86625 ,4.07338 ,39.96802 
65 ,12.4079 ,0.86827 ,4.04600 ,39.69940 
66 ,12.6159 ,0.87028 ,4.04258 ,39.66582 
67 ,12.7920 ,0.87210 ,4.01520 ,39.39719 
68 ,13.0003 ,0.87415 ,4.00836 ,39.33003 
69 ,13.1758 ,0.87605 ,3.97756 ,39.02783 
70 ,13.3524 ,0.87773 ,3.97414 ,38.99425 
71 ,13.5604 ,0.87972 ,3.95361 ,38.79278 
72 ,13.7366 ,0.88159 ,3.93992 ,38.65847 
73 ,13.9448 ,0.88348 ,3.89543 ,38.22195 
74 ,14.1367 ,0.88557 ,3.88858 ,38.15479 
75 ,14.3127 ,0.88736 ,3.88858 ,38.15479 
76 ,14.4728 ,0.88901 ,3.85094 ,37.78543 
77 ,14.6328 ,0.89061 ,3.84752 ,37.75185 
78 ,14.8089 ,0.89223 ,3.81672 ,37.44965 
79 ,14.9848 ,0.89404 ,3.80303 ,37.31534 
80 ,15.1609 ,0.89577 ,3.78592 ,37.14744 
81 ,15.3687 ,0.89777 ,3.77223 ,37.01313 
82 ,15.5453 ,0.89963 ,3.75170 ,36.81166 
83 ,15.7213 ,0.90143 ,3.73459 ,36.64377 
84 ,15.9131 ,0.90328 ,3.73459 ,36.64377 
85 ,16.0894 ,0.90510 ,3.71748 ,36.47588 
86 ,16.2654 ,0.90680 ,3.68668 ,36.17367 
87 ,16.4411 ,0.90871 ,3.66614 ,35.97220 
88 ,16.6177 ,0.91039 ,3.65588 ,35.87147 
89 ,16.8097 ,0.91218 ,3.62850 ,35.60284 
90 ,17.0019 ,0.91414 ,3.62166 ,35.53569 
91 ,17.1938 ,0.91607 ,3.60797 ,35.40137 
92 ,17.3700 ,0.91788 ,3.59086 ,35.23348 
93 ,17.5462 ,0.91962 ,3.58059 ,35.13275 
94 ,17.7380 ,0.92160 ,3.54295 ,34.76338 
95 ,17.9140 ,0.92330 ,3.54295 ,34.76338 
96 ,18.0902 ,0.92513 ,3.53610 ,34.69623 
97 ,18.2983 ,0.92701 ,3.51215 ,34.46118 
98 ,18.4903 ,0.92913 ,3.48135 ,34.15898 
99 ,18.6825 ,0.93097 ,3.46424 ,33.99108 
100 ,18.8745 ,0.93298 ,3.45397 ,33.89035 
101 ,19.0506 ,0.93467 ,3.45397 ,33.89035 
102 ,19.2425 ,0.93655 ,3.40948 ,33.45383 
103 ,19.4188 ,0.93836 ,3.39237 ,33.28594 
104 ,19.6106 ,0.94028 ,3.40264 ,33.38667 
105 ,19.8030 ,0.94216 ,3.36842 ,33.05089 
106 ,20.0267 ,0.94428 ,3.35130 ,32.88300 
107 ,20.2031 ,0.94614 ,3.31708 ,32.54722 
108 ,20.3952 ,0.94811 ,3.32393 ,32.61437 
109 ,20.5873 ,0.94995 ,3.31024 ,32.48006 
110 ,20.7633 ,0.95190 ,3.28286 ,32.21143 
111 ,20.9397 ,0.95353 ,3.27602 ,32.14428 
112 ,21.1153 ,0.95528 ,3.25548 ,31.94281 
113 ,21.2911 ,0.95710 ,3.24522 ,31.84207 
114 ,21.4676 ,0.95879 ,3.22126 ,31.60702 
115 ,21.6756 ,0.96092 ,3.19388 ,31.33840 
116 ,21.8358 ,0.96266 ,3.20073 ,31.40555 
117 ,22.0118 ,0.96428 ,3.18362 ,31.23766 
118 ,22.2040 ,0.96608 ,3.16309 ,31.03619 
119 ,22.3958 ,0.96811 ,3.13571 ,30.76757 
120 ,22.6041 ,0.97016 ,3.11175 ,30.53252 
121 ,22.7963 ,0.97203 ,3.11518 ,30.56610 
122 ,22.9883 ,0.97401 ,3.10491 ,30.46536 
123 ,23.1645 ,0.97580 ,3.07753 ,30.19674 
124 ,23.3565 ,0.97770 ,3.05015 ,29.92811 
125 ,23.5325 ,0.97952 ,3.05015 ,29.92811 
126 ,23.7402 ,0.98145 ,3.02962 ,29.72664 
127 ,23.9163 ,0.98328 ,2.99882 ,29.42444 
128 ,24.0928 ,0.98507 ,2.99198 ,29.35728 
129 ,24.3009 ,0.98710 ,2.96802 ,29.12223 
130 ,24.4768 ,0.98892 ,2.95091 ,28.95434 
131 ,24.6690 ,0.99080 ,2.95091 ,28.95434 
132 ,24.8610 ,0.99274 ,2.91669 ,28.61856 
133 ,25.0527 ,0.99467 ,2.91327 ,28.58498 
134 ,25.2292 ,0.99637 ,2.90300 ,28.48424 
135 ,25.4210 ,0.99838 ,2.87562 ,28.21562 
136 ,25.5973 ,1.00015 ,2.85509 ,28.01415 
137 ,25.7890 ,1.00200 ,2.85509 ,28.01415 
138 ,25.9651 ,1.00375 ,2.83114 ,27.77910 
139 ,26.1412 ,1.00554 ,2.81745 ,27.64479 
140 ,26.3012 ,1.00729 ,2.79691 ,27.44332 
141 ,26.4772 ,1.00893 ,2.77980 ,27.27542 
142 ,26.6533 ,1.01064 ,2.77638 ,27.24185 
143 ,26.8454 ,1.01251 ,2.75927 ,27.07395 
144 ,27.0214 ,1.01439 ,2.73874 ,26.87248 
145 ,27.1815 ,1.01608 ,2.70452 ,26.53670 
146 ,27.3415 ,1.01768 ,2.70109 ,26.50312 
147 ,27.5016 ,1.01927 ,2.69083 ,26.40239 
148 ,27.6617 ,1.02086 ,2.68398 ,26.33523 
149 ,27.8377 ,1.02250 ,2.67029 ,26.20092 
150 ,28.0139 ,1.02422 ,2.65318 ,26.03303 
151 ,28.1900 ,1.02600 ,2.64292 ,25.93229 
152 ,28.3820 ,1.02788 ,2.61896 ,25.69724 
153 ,28.5580 ,1.02970 ,2.60869 ,25.59651 
154 ,28.7181 ,1.03144 ,2.58132 ,25.32788 
155 ,28.8941 ,1.03306 ,2.58816 ,25.39504 
156 ,29.0702 ,1.03485 ,2.58474 ,25.36146 
157 ,29.2464 ,1.03660 ,2.55394 ,25.05926 
158 ,29.4222 ,1.03838 ,2.54710 ,24.99210 
159 ,29.6143 ,1.04029 ,2.51287 ,24.65632 
160 ,29.7904 ,1.04202 ,2.50945 ,24.62274 
161 ,29.9506 ,1.04376 ,2.50945 ,24.62274 
162 ,30.1267 ,1.04539 ,2.48892 ,24.42127 
163 ,30.3028 ,1.04711 ,2.47523 ,24.28696 
164 ,30.4787 ,1.04890 ,2.44785 ,24.01833 
165 ,30.6388 ,1.05064 ,2.42048 ,23.74970 
166 ,30.8152 ,1.05231 ,2.41705 ,23.71612 
167 ,31.0074 ,1.05415 ,2.41705 ,23.71612 
168 ,31.1835 ,1.05600 ,2.40336 ,23.58181 
169 ,31.3596 ,1.05775 ,2.36914 ,23.24603 
170 ,31.5355 ,1.05948 ,2.35888 ,23.14529 
171 ,31.7116 ,1.06120 ,2.35203 ,23.07814 
172 ,31.8878 ,1.06300 ,2.33492 ,22.91024 
173 ,32.0638 ,1.06476 ,2.33834 ,22.94382 
174 ,32.2559 ,1.06670 ,2.28701 ,22.44015 
175 ,32.4478 ,1.06859 ,2.29728 ,22.54088 
176 ,32.6560 ,1.07060 ,2.25963 ,22.17152 
177 ,32.8481 ,1.07259 ,2.25963 ,22.17152 
178 ,33.0401 ,1.07454 ,2.23910 ,21.97005 
179 ,33.2483 ,1.07649 ,2.22541 ,21.83574 
180 ,33.4244 ,1.07833 ,2.20488 ,21.63427 
181 ,33.6321 ,1.08038 ,2.19803 ,21.56711 
182 ,33.8086 ,1.08225 ,2.17066 ,21.29849 
183 ,34.0003 ,1.08414 ,2.15697 ,21.16417 
184 ,34.1766 ,1.08585 ,2.14328 ,21.02986 
185 ,34.3528 ,1.08764 ,2.12959 ,20.89555 
186 ,34.5609 ,1.08960 ,2.12275 ,20.82839 
187 ,34.7366 ,1.09152 ,2.08852 ,20.49261 
188 ,34.9130 ,1.09324 ,2.07826 ,20.39187 
189 ,35.0889 ,1.09502 ,2.07826 ,20.39187 
190 ,35.2650 ,1.09674 ,2.06799 ,20.29114 
191 ,35.4414 ,1.09853 ,2.05430 ,20.15682 
192 ,35.6493 ,1.10056 ,2.02008 ,19.82104 
193 ,35.8411 ,1.10252 ,2.01666 ,19.78746 
194 ,36.0331 ,1.10438 ,1.99613 ,19.58599 
195 ,36.2094 ,1.10621 ,1.98244 ,19.45168 
196 ,36.4015 ,1.10803 ,1.97217 ,19.35094 
197 ,36.5777 ,1.10991 ,1.95164 ,19.14948 
198 ,36.7693 ,1.11181 ,1.93453 ,18.98158 
199 ,36.9459 ,1.11351 ,1.92768 ,18.91443 
200 ,37.1377 ,1.11550 ,1.91742 ,18.81369 
201 ,37.3300 ,1.11730 ,1.88319 ,18.47791 
202 ,37.5216 ,1.11923 ,1.88662 ,18.51149 
203 ,37.6981 ,1.12105 ,1.86608 ,18.31002 
204 ,37.9057 ,1.12311 ,1.87293 ,18.37717 
205 ,38.0983 ,1.12500 ,1.84213 ,18.07497 
206 ,38.2898 ,1.12695 ,1.82160 ,17.87350 
207 ,38.4662 ,1.12873 ,1.81133 ,17.77276 
208 ,38.6582 ,1.13068 ,1.79422 ,17.60487 
209 ,38.8506 ,1.13259 ,1.78395 ,17.50414 
210 ,39.0421 ,1.13445 ,1.77711 ,17.43698 
211 ,39.2187 ,1.13627 ,1.75315 ,17.20193 
212 ,39.4107 ,1.13818 ,1.73262 ,17.00046 
213 ,39.5868 ,1.13991 ,1.72578 ,16.93331 
214 ,39.7628 ,1.14172 ,1.71551 ,16.83257 
215 ,39.9388 ,1.14347 ,1.70866 ,16.76542 
216 ,40.1306 ,1.14539 ,1.66760 ,16.36248 
217 ,40.3070 ,1.14714 ,1.66075 ,16.29532 
218 ,40.4992 ,1.14912 ,1.66760 ,16.36248 
219 ,40.6913 ,1.15100 ,1.63680 ,16.06027 
220 ,40.8676 ,1.15284 ,1.62653 ,15.95954 
221 ,41.0595 ,1.15468 ,1.61627 ,15.85880 
222 ,41.2515 ,1.15659 ,1.58204 ,15.52302 
223 ,41.4276 ,1.15836 ,1.56836 ,15.38871 
224 ,41.6514 ,1.16055 ,1.56151 ,15.32155 
225 ,41.8438 ,1.16250 ,1.56493 ,15.35513 
226 ,42.0199 ,1.16428 ,1.54440 ,15.15366 
227 ,42.2117 ,1.16613 ,1.51360 ,14.85145 
228 ,42.3879 ,1.16800 ,1.50676 ,14.78430 
229 ,42.5640 ,1.16973 ,1.50676 ,14.78430 
230 ,42.7401 ,1.17150 ,1.50333 ,14.75072 
231 ,42.9158 ,1.17323 ,1.47938 ,14.51567 
232 ,43.0921 ,1.17501 ,1.43831 ,14.11273 
233 ,43.2683 ,1.17674 ,1.42805 ,14.01199 
234 ,43.4441 ,1.17848 ,1.43489 ,14.07915 
235 ,43.6361 ,1.18033 ,1.42462 ,13.97842 
236 ,43.8121 ,1.18217 ,1.41094 ,13.84410 
237 ,43.9884 ,1.18391 ,1.38698 ,13.60906 
238 ,44.1646 ,1.18569 ,1.38014 ,13.54190 
239 ,44.3567 ,1.18763 ,1.37671 ,13.50832 
240 ,44.5488 ,1.18945 ,1.34591 ,13.20612 
241 ,44.7249 ,1.19130 ,1.34249 ,13.17254 
242 ,44.9169 ,1.19317 ,1.32880 ,13.03822 
243 ,45.1090 ,1.19508 ,1.30827 ,12.83675 
244 ,45.2850 ,1.19697 ,1.30827 ,12.83675 
245 ,45.4608 ,1.19866 ,1.29116 ,12.66886 
246 ,45.6374 ,1.20046 ,1.29458 ,12.70244 
247 ,45.8294 ,1.20244 ,1.23641 ,12.13161 
248 ,46.0215 ,1.20420 ,1.25009 ,12.26592 
249 ,46.2136 ,1.20616 ,1.23298 ,12.09803 
250 ,46.4054 ,1.20808 ,1.21929 ,11.96372 
251 ,46.5811 ,1.20998 ,1.21245 ,11.89656 
252 ,46.7575 ,1.21167 ,1.20218 ,11.79583 
253 ,46.9498 ,1.21346 ,1.18507 ,11.62794 
254 ,47.1577 ,1.21559 ,1.17138 ,11.49362 
255 ,47.3499 ,1.21757 ,1.15085 ,11.29215 
256 ,47.5418 ,1.21942 ,1.13374 ,11.12426 
257 ,47.7341 ,1.22130 ,1.10979 ,10.88921 
258 ,47.9259 ,1.22333 ,1.09952 ,10.78848 
259 ,48.1183 ,1.22528 ,1.10636 ,10.85563 
260 ,48.2942 ,1.22704 ,1.07214 ,10.51985 
261 ,48.4702 ,1.22875 ,1.06872 ,10.48627 
262 ,48.6464 ,1.23047 ,1.04819 ,10.28480 
263 ,48.8225 ,1.23228 ,1.04819 ,10.28480 
264 ,49.0146 ,1.23416 ,1.04476 ,10.25123 
265 ,49.1908 ,1.23595 ,1.01396 ,9.94902 
266 ,49.3827 ,1.23790 ,0.99685 ,9.78113 
267 ,49.5589 ,1.23961 ,0.99685 ,9.78113 
268 ,49.7665 ,1.24162 ,0.97290 ,9.54608 
269 ,49.9586 ,1.24360 ,0.97290 ,9.54608 
270 ,50.1346 ,1.24535 ,0.95921 ,9.41177 
271 ,50.3109 ,1.24720 ,0.94894 ,9.31103 
272 ,50.5348 ,1.24923 ,0.93183 ,9.14314 
273 ,50.7271 ,1.25122 ,0.93525 ,9.17672 
274 ,50.9352 ,1.25335 ,0.92157 ,9.04241 
275 ,51.1435 ,1.25541 ,0.88734 ,8.70662 
276 ,51.3192 ,1.25721 ,0.87708 ,8.60589 
277 ,51.4956 ,1.25904 ,0.88392 ,8.67305 
278 ,51.6717 ,1.26074 ,0.84970 ,8.33726 
279 ,51.8478 ,1.26252 ,0.83259 ,8.16937 
280 ,52.0239 ,1.26433 ,0.84286 ,8.27011 
281 ,52.2156 ,1.26615 ,0.81206 ,7.96790 
282 ,52.3920 ,1.26797 ,0.80863 ,7.93432 
283 ,52.5680 ,1.26976 ,0.79837 ,7.83359 
284 ,52.7762 ,1.27172 ,0.79152 ,7.76643 
285 ,52.9682 ,1.27369 ,0.76072 ,7.46423 
286 ,53.1444 ,1.27548 ,0.76072 ,7.46423 
287 ,53.3524 ,1.27755 ,0.74361 ,7.29633 
288 ,53.5285 ,1.27930 ,0.72650 ,7.12844 
289 ,53.7202 ,1.28110 ,0.72308 ,7.09486 
290 ,53.9452 ,1.28335 ,0.70255 ,6.89340 
291 ,54.1202 ,1.28529 ,0.69570 ,6.82624 
292 ,54.2967 ,1.28698 ,0.68201 ,6.69193 
293 ,54.4886 ,1.28895 ,0.66833 ,6.55761 
294 ,54.6969 ,1.29093 ,0.66490 ,6.52403 
295 ,54.8729 ,1.29274 ,0.64779 ,6.35614 
296 ,55.0649 ,1.29467 ,0.62042 ,6.08752 
297 ,55.2728 ,1.29661 ,0.62042 ,6.08752 
298 ,55.4493 ,1.29851 ,0.60673 ,5.95320 
299 ,55.6412 ,1.30040 ,0.59304 ,5.81889 
300 ,55.8172 ,1.30218 ,0.59304 ,5.81889 
301 ,55.9934 ,1.30394 ,0.58619 ,5.75173 
302 ,56.1696 ,1.30569 ,0.56224 ,5.51668 
303 ,56.3616 ,1.30756 ,0.53144 ,5.21448 
304 ,56.5536 ,1.30960 ,0.54171 ,5.31522 
305 ,56.7453 ,1.31141 ,0.52117 ,5.11375 
306 ,56.9217 ,1.31324 ,0.49380 ,4.84512 
307 ,57.0975 ,1.31496 ,0.49722 ,4.87870 
308 ,57.2740 ,1.31677 ,0.49722 ,4.87870 
309 ,57.4501 ,1.31848 ,0.48011 ,4.71081 
310 ,57.6418 ,1.32044 ,0.45615 ,4.47576 
311 ,57.8183 ,1.32221 ,0.44588 ,4.37502 
312 ,58.0102 ,1.32401 ,0.43562 ,4.27429 
313 ,58.1862 ,1.32587 ,0.43904 ,4.30787 
314 ,58.3620 ,1.32764 ,0.41851 ,4.10640 
315 ,58.5545 ,1.32950 ,0.42193 ,4.13997 
316 ,58.7464 ,1.33143 ,0.39113 ,3.83777 
317 ,58.9386 ,1.33340 ,0.37744 ,3.70346 
318 ,59.1307 ,1.33522 ,0.38086 ,3.73703 
319 ,59.3389 ,1.33737 ,0.35349 ,3.46841 
320 ,59.5307 ,1.33936 ,0.33980 ,3.33410 
321 ,59.7069 ,1.34111 ,0.33980 ,3.33410 
322 ,59.8988 ,1.34296 ,0.29531 ,2.89758 
323 ,60.0749 ,1.34476 ,0.30558 ,2.99831 
324 ,60.2669 ,1.34662 ,0.28504 ,2.79684 
325 ,60.4592 ,1.34857 ,0.27478 ,2.69611 
326 ,60.6352 ,1.35041 ,0.28847 ,2.83042 
327 ,60.8274 ,1.35216 ,0.27820 ,2.72969 
328 ,61.0194 ,1.35410 ,0.24055 ,2.36032 
329 ,61.2114 ,1.35605 ,0.24740 ,2.42748 
330 ,61.3875 ,1.35789 ,0.24740 ,2.42748 
331 ,61.5792 ,1.35980 ,0.21318 ,2.09170 
332 ,61.7555 ,1.36155 ,0.18580 ,1.82307 
333 ,61.9637 ,1.36359 ,0.19264 ,1.89023 
334 ,62.1397 ,1.36542 ,0.17211 ,1.68876 
335 ,62.3159 ,1.36716 ,0.17896 ,1.75592 
336 ,62.5076 ,1.36911 ,0.16527 ,1.62160 
337 ,62.6838 ,1.37082 ,0.14816 ,1.45371 
338 ,62.8761 ,1.37276 ,0.13789 ,1.35298 
339 ,63.0842 ,1.37480 ,0.12762 ,1.25224 
340 ,63.2603 ,1.37656 ,0.10025 ,0.98361 
341 ,63.4362 ,1.37837 ,0.11051 ,1.08435 
342 ,63.6124 ,1.38009 ,0.08656 ,0.84930 
343 ,63.7881 ,1.38189 ,0.07971 ,0.78214 
344 ,63.9644 ,1.38364 ,0.07971 ,0.78214 
345 ,64.1567 ,1.38555 ,0.05576 ,0.54710 
346 ,64.3648 ,1.38746 ,0.07287 ,0.71499 
347 ,64.5567 ,1.38950 ,0.03522 ,0.34563 
348 ,64.7490 ,1.39140 ,0.03865 ,0.37920 
349 ,64.9413 ,1.39337 ,0.03180 ,0.31205 
350 ,65.1330 ,1.39532 ,0.00443 ,0.04342 
351 ,65.3090 ,1.39710 ,0.00443 ,0.04342 
352 ,65.5327 ,1.39920 ,-0.00242 ,-0.02373 
353 ,65.7094 ,1.40109 ,-0.01953 ,-0.19163 
354 ,65.9172 ,1.40312 ,-0.04348 ,-0.42667 
355 ,66.0935 ,1.40497 ,-0.04348 ,-0.42667 
356 ,66.2854 ,1.40676 ,-0.02637 ,-0.25878 
357 ,66.4614 ,1.40857 ,-0.06744 ,-0.66172 
358 ,66.6537 ,1.41049 ,-0.08797 ,-0.86319 
359 ,66.8455 ,1.41236 ,-0.08797 ,-0.86319 
360 ,67.0534 ,1.41446 ,-0.08797 ,-0.86319 
361 ,67.2298 ,1.41629 ,-0.10166 ,-0.99751 
362 ,67.4378 ,1.41829 ,-0.12562 ,-1.23255 
363 ,67.6138 ,1.42014 ,-0.13246 ,-1.29971 
364 ,67.8060 ,1.42202 ,-0.12904 ,-1.26613 
365 ,67.9820 ,1.42381 ,-0.13246 ,-1.29971 
366 ,68.1418 ,1.42549 ,-0.16326 ,-1.60191 
367 ,68.3183 ,1.42715 ,-0.17353 ,-1.70265 
368 ,68.5263 ,1.42913 ,-0.18722 ,-1.83696 
369 ,68.7025 ,1.43100 ,-0.18722 ,-1.83696 
370 ,68.8946 ,1.43288 ,-0.19748 ,-1.93770 
371 ,69.0706 ,1.43470 ,-0.21117 ,-2.07201 
372 ,69.2466 ,1.43657 ,-0.20433 ,-2.00485 
373 ,69.4228 ,1.43820 ,-0.21117 ,-2.07201 
374 ,69.6308 ,1.44024 ,-0.23170 ,-2.27348 
375 ,69.8230 ,1.44212 ,-0.25224 ,-2.47495 
376 ,70.0148 ,1.44406 ,-0.26935 ,-2.64284 
377 ,70.1910 ,1.44585 ,-0.27277 ,-2.67642 
378 ,70.3671 ,1.44760 ,-0.28646 ,-2.81073 
379 ,70.5591 ,1.44950 ,-0.30699 ,-3.01220 
380 ,70.7351 ,1.45133 ,-0.30357 ,-2.97863 
381 ,70.9112 ,1.45310 ,-0.31041 ,-3.04578 
382 ,71.1033 ,1.45503 ,-0.30699 ,-3.01220 
383 ,71.2794 ,1.45675 ,-0.31384 ,-3.07936 
384 ,71.4394 ,1.45846 ,-0.34121 ,-3.34799 
385 ,71.6316 ,1.46021 ,-0.34464 ,-3.38156 
386 ,71.8396 ,1.46231 ,-0.36517 ,-3.58303 
387 ,72.0317 ,1.46422 ,-0.36517 ,-3.58303 
388 ,72.2398 ,1.46630 ,-0.37201 ,-3.65019 
389 ,72.4156 ,1.46812 ,-0.38912 ,-3.81808 
390 ,72.5919 ,1.46992 ,-0.40281 ,-3.95240 
391 ,72.7841 ,1.47177 ,-0.38570 ,-3.78450 
392 ,72.9761 ,1.47369 ,-0.41308 ,-4.05313 
393 ,73.1841 ,1.47576 ,-0.42677 ,-4.18744 
394 ,73.3600 ,1.47755 ,-0.43019 ,-4.22102 
395 ,73.5524 ,1.47942 ,-0.44730 ,-4.38891 
396 ,73.7284 ,1.48127 ,-0.44388 ,-4.35534 
397 ,73.9206 ,1.48308 ,-0.45072 ,-4.42249 
398 ,74.1126 ,1.48505 ,-0.48494 ,-4.75828 
399 ,74.2885 ,1.48682 ,-0.47468 ,-4.65754 
400 ,74.4807 ,1.48866 ,-0.46783 ,-4.59038 
401 ,74.6729 ,1.49064 ,-0.50548 ,-4.95975 
402 ,74.8648 ,1.49271 ,-0.49863 ,-4.89259 
403 ,75.0409 ,1.49437 ,-0.50548 ,-4.95975 
404 ,75.2165 ,1.49609 ,-0.52259 ,-5.12764 
405 ,75.3931 ,1.49786 ,-0.53970 ,-5.29553 
406 ,75.5691 ,1.49966 ,-0.54312 ,-5.32911 
407 ,75.7290 ,1.50136 ,-0.53970 ,-5.29553 
408 ,75.9052 ,1.50305 ,-0.56023 ,-5.49700 
409 ,76.0812 ,1.50475 ,-0.55339 ,-5.42984 
410 ,76.2573 ,1.50649 ,-0.56708 ,-5.56415 
411 ,76.4494 ,1.50835 ,-0.57392 ,-5.63131 
412 ,76.6252 ,1.51020 ,-0.59445 ,-5.83278 
413 ,76.8016 ,1.51200 ,-0.59445 ,-5.83278 
414 ,76.9937 ,1.51374 ,-0.61156 ,-6.00067 
415 ,77.2018 ,1.51596 ,-0.60814 ,-5.96709 
416 ,77.3939 ,1.51787 ,-0.64236 ,-6.30288 
417 ,77.5698 ,1.51963 ,-0.64236 ,-6.30288 
418 ,77.7459 ,1.52146 ,-0.64236 ,-6.30288 
419 ,77.9381 ,1.52322 ,-0.63552 ,-6.23572 
420 ,78.1457 ,1.52532 ,-0.66290 ,-6.50435 
421 ,78.3219 ,1.52715 ,-0.65947 ,-6.47077 
422 ,78.4983 ,1.52890 ,-0.66632 ,-6.53793 
423 ,78.6903 ,1.53081 ,-0.70396 ,-6.90729 
424 ,78.8820 ,1.53272 ,-0.69370 ,-6.80655 
425 ,79.0586 ,1.53456 ,-0.70054 ,-6.87371 
426 ,79.2506 ,1.53644 ,-0.72792 ,-7.14233 
427 ,79.4267 ,1.53819 ,-0.73476 ,-7.20949 
428 ,79.6028 ,1.53994 ,-0.73134 ,-7.17591 
429 ,79.7949 ,1.54185 ,-0.74161 ,-7.27665 
430 ,80.0029 ,1.54389 ,-0.75530 ,-7.41096 
431 ,80.1790 ,1.54574 ,-0.76214 ,-7.47812 
432 ,80.3546 ,1.54746 ,-0.75872 ,-7.44454 
433 ,80.5307 ,1.54931 ,-0.77583 ,-7.61243 
434 ,80.7072 ,1.55096 ,-0.78610 ,-7.71317 
435 ,80.9151 ,1.55300 ,-0.79294 ,-7.78032 
436 ,81.0912 ,1.55482 ,-0.81005 ,-7.94821 
437 ,81.2834 ,1.55674 ,-0.81005 ,-7.94821 
438 ,81.4595 ,1.55849 ,-0.81347 ,-7.98179 
439 ,81.6676 ,1.56050 ,-0.84427 ,-8.28400 
440 ,81.8595 ,1.56251 ,-0.83058 ,-8.14968 
441 ,82.0513 ,1.56435 ,-0.86138 ,-8.45189 
442 ,82.2277 ,1.56625 ,-0.86823 ,-8.51904 
443 ,82.4199 ,1.56816 ,-0.85796 ,-8.41831 
444 ,82.6119 ,1.56999 ,-0.87849 ,-8.61978 
445 ,82.7879 ,1.57176 ,-0.89903 ,-8.82125 
446 ,82.9640 ,1.57358 ,-0.90587 ,-8.88841 
447 ,83.1397 ,1.57531 ,-0.90929 ,-8.92198 
448 ,83.3162 ,1.57706 ,-0.90245 ,-8.85483 
449 ,83.5083 ,1.57890 ,-0.93667 ,-9.19061 
450 ,83.7003 ,1.58094 ,-0.92298 ,-9.05630 
451 ,83.8764 ,1.58270 ,-0.92640 ,-9.08988 
452 ,84.0521 ,1.58442 ,-0.93325 ,-9.15703 
453 ,84.2286 ,1.58617 ,-0.94351 ,-9.25777 
454 ,84.4046 ,1.58795 ,-0.98116 ,-9.62713 
455 ,84.5804 ,1.58973 ,-0.97431 ,-9.55997 
456 ,84.7567 ,1.59143 ,-0.95720 ,-9.39208 
457 ,84.9648 ,1.59350 ,-0.98800 ,-9.69429 
458 ,85.1731 ,1.59559 ,-0.98458 ,-9.66071 
459 ,85.3649 ,1.59747 ,-1.01196 ,-9.92933 
460 ,85.5571 ,1.59943 ,-0.98458 ,-9.66071 
461 ,85.7330 ,1.60124 ,-1.00169 ,-9.82860 
462 ,85.9253 ,1.60315 ,-1.02565 ,-10.06365 
463 ,86.1174 ,1.60508 ,-1.01880 ,-9.99649 
464 ,86.3091 ,1.60700 ,-1.04276 ,-10.23154 
465 ,86.4855 ,1.60881 ,-1.04960 ,-10.29869 
466 ,86.6937 ,1.61079 ,-1.04960 ,-10.29869 
467 ,86.9014 ,1.61283 ,-1.07014 ,-10.50016 
468 ,87.0777 ,1.61462 ,-1.06671 ,-10.46659 
469 ,87.2537 ,1.61643 ,-1.07356 ,-10.53374 
470 ,87.4294 ,1.61821 ,-1.09067 ,-10.70163 
471 ,87.6058 ,1.61996 ,-1.09751 ,-10.76879 
472 ,87.7821 ,1.62172 ,-1.11462 ,-10.93668 
473 ,87.9741 ,1.62356 ,-1.10093 ,-10.80237 
474 ,88.1502 ,1.62538 ,-1.11462 ,-10.93668 
475 ,88.3102 ,1.62713 ,-1.12831 ,-11.07100 
476 ,88.5020 ,1.62883 ,-1.12831 ,-11.07100 
477 ,88.6782 ,1.63070 ,-1.13173 ,-11.10457 
478 ,88.8546 ,1.63251 ,-1.14884 ,-11.27247 
479 ,89.0304 ,1.63424 ,-1.14884 ,-11.27247 
480 ,89.2547 ,1.63625 ,-1.15911 ,-11.37320 
481 ,89.4466 ,1.63828 ,-1.17622 ,-11.54109 
482 ,89.6065 ,1.64007 ,-1.18307 ,-11.60825 
483 ,89.7828 ,1.64173 ,-1.18991 ,-11.67541 
484 ,89.9749 ,1.64354 ,-1.17280 ,-11.50751 
485 ,90.1509 ,1.64539 ,-1.17964 ,-11.57467 
486 ,90.3269 ,1.64721 ,-1.19676 ,-11.74256 
487 ,90.5352 ,1.64914 ,-1.20702 ,-11.84330 
488 ,90.7432 ,1.65125 ,-1.23098 ,-12.07834 
489 ,90.9352 ,1.65326 ,-1.22413 ,-12.01119 
490 ,91.1273 ,1.65516 ,-1.23440 ,-12.11192 
491 ,91.3035 ,1.65688 ,-1.26178 ,-12.38055 
492 ,91.4795 ,1.65870 ,-1.25493 ,-12.31339 
493 ,91.6554 ,1.66043 ,-1.26178 ,-12.38055 
494 ,91.8478 ,1.66227 ,-1.27204 ,-12.48128 
495 ,92.0235 ,1.66414 ,-1.26520 ,-12.41413 
496 ,92.2159 ,1.66602 ,-1.27547 ,-12.51486 
497 ,92.3915 ,1.66784 ,-1.27204 ,-12.48128 
498 ,92.5674 ,1.66953 ,-1.29258 ,-12.68275 
499 ,92.7597 ,1.67144 ,-1.30969 ,-12.85065 
500 ,92.9519 ,1.67330 ,-1.31311 ,-12.88422 
501 ,93.1444 ,1.67529 ,-1.31653 ,-12.91780 
502 ,93.3204 ,1.67708 ,-1.35760 ,-13.32074 
503 ,93.5123 ,1.67894 ,-1.33022 ,-13.05212 
504 ,93.6885 ,1.68080 ,-1.33022 ,-13.05212 
505 ,93.8640 ,1.68249 ,-1.35760 ,-13.32074 
506 ,94.0407 ,1.68429 ,-1.36102 ,-13.35432 
507 ,94.2325 ,1.68617 ,-1.35417 ,-13.28716 
508 ,94.4085 ,1.68795 ,-1.35075 ,-13.25359 
509 ,94.6167 ,1.69001 ,-1.37471 ,-13.48863 
510 ,94.8249 ,1.69197 ,-1.39182 ,-13.65653 
511 ,95.0330 ,1.69410 ,-1.36786 ,-13.42148 
512 ,95.2250 ,1.69611 ,-1.39524 ,-13.69010 
513 ,95.4010 ,1.69788 ,-1.41577 ,-13.89157 
514 ,95.6091 ,1.69982 ,-1.39866 ,-13.72368 
515 ,95.8014 ,1.70174 ,-1.42604 ,-13.99231 
516 ,95.9931 ,1.70375 ,-1.41235 ,-13.85799 
517 ,96.1694 ,1.70557 ,-1.43631 ,-14.09304 
518 ,96.3617 ,1.70748 ,-1.43973 ,-14.12662 
519 ,96.5536 ,1.70941 ,-1.43631 ,-14.09304 
520 ,96.7298 ,1.71120 ,-1.45342 ,-14.26093 
521 ,96.9217 ,1.71304 ,-1.47737 ,-14.49598 
522 ,97.1135 ,1.71502 ,-1.47053 ,-14.42883 
523 ,97.2899 ,1.71677 ,-1.46711 ,-14.39525 
524 ,97.4821 ,1.71869 ,-1.48422 ,-14.56314 
525 ,97.6582 ,1.72044 ,-1.50475 ,-14.76461 
526 ,97.8504 ,1.72228 ,-1.49106 ,-14.63030 
527 ,98.0583 ,1.72427 ,-1.50475 ,-14.76461 
528 ,98.2504 ,1.72631 ,-1.51844 ,-14.89892 
529 ,98.4421 ,1.72827 ,-1.53555 ,-15.06681 
530 ,98.6185 ,1.73002 ,-1.54239 ,-15.13397 
531 ,98.7945 ,1.73177 ,-1.53213 ,-15.03324 
532 ,98.9867 ,1.73360 ,-1.53555 ,-15.06681 
533 ,99.1628 ,1.73547 ,-1.55608 ,-15.26828 
534 ,99.3388 ,1.73725 ,-1.55950 ,-15.30186 
535 ,99.5310 ,1.73910 ,-1.54924 ,-15.20113 
536 ,99.7231 ,1.74105 ,-1.58004 ,-15.50333 
537 ,99.8991 ,1.74289 ,-1.58346 ,-15.53691 
538 ,100.0911 ,1.74471 ,-1.58346 ,-15.53691 
539 ,100.2671 ,1.74650 ,-1.59373 ,-15.63764 
540 ,100.4594 ,1.74841 ,-1.60399 ,-15.73838 
541 ,100.6675 ,1.75044 ,-1.59373 ,-15.63764 
542 ,100.8435 ,1.75233 ,-1.61768 ,-15.87269 
543 ,101.0197 ,1.75407 ,-1.62110 ,-15.90627 
544 ,101.2116 ,1.75592 ,-1.63137 ,-16.00701 
545 ,101.3874 ,1.75770 ,-1.63137 ,-16.00701 
546 ,101.5636 ,1.75949 ,-1.64164 ,-16.10774 
547 ,101.7719 ,1.76153 ,-1.64164 ,-16.10774 
548 ,101.9484 ,1.76332 ,-1.64848 ,-16.17490 
549 ,102.1560 ,1.76526 ,-1.67586 ,-16.44352 
550 ,102.3482 ,1.76730 ,-1.65875 ,-16.27563 
551 ,102.5242 ,1.76914 ,-1.68955 ,-16.57784 
552 ,102.7003 ,1.77086 ,-1.68955 ,-16.57784 
553 ,102.8923 ,1.77272 ,-1.67928 ,-16.47710 
554 ,103.0685 ,1.77449 ,-1.68955 ,-16.57784 
555 ,103.2606 ,1.77643 ,-1.71008 ,-16.77931 
556 ,103.4686 ,1.77839 ,-1.70324 ,-16.71215 
557 ,103.6443 ,1.78038 ,-1.72035 ,-16.88004 
558 ,103.8204 ,1.78204 ,-1.73404 ,-17.01436 
559 ,103.9803 ,1.78374 ,-1.72719 ,-16.94720 
560 ,104.1567 ,1.78542 ,-1.75457 ,-17.21582 
561 ,104.3490 ,1.78728 ,-1.74430 ,-17.11509 
562 ,104.5250 ,1.78911 ,-1.74430 ,-17.11509 
563 ,104.7332 ,1.79113 ,-1.77510 ,-17.41729 
564 ,104.9413 ,1.79314 ,-1.75457 ,-17.21582 
565 ,105.1333 ,1.79514 ,-1.78537 ,-17.51803 
566 ,105.2933 ,1.79685 ,-1.77852 ,-17.45087 
567 ,105.4695 ,1.79849 ,-1.78537 ,-17.51803 
568 ,105.6615 ,1.80042 ,-1.78879 ,-17.55161 
569 ,105.8535 ,1.80231 ,-1.79221 ,-17.58519 
570 ,106.0617 ,1.80440 ,-1.80590 ,-17.71950 
571 ,106.2536 ,1.80633 ,-1.79563 ,-17.61876 
572 ,106.4299 ,1.80813 ,-1.81617 ,-17.82023 
573 ,106.6218 ,1.80998 ,-1.82301 ,-17.88739 
574 ,106.8135 ,1.81192 ,-1.83328 ,-17.98813 
575 ,106.9901 ,1.81374 ,-1.82643 ,-17.92097 
576 ,107.1822 ,1.81563 ,-1.84012 ,-18.05528 
577 ,107.3903 ,1.81760 ,-1.83328 ,-17.98813 
578 ,107.5663 ,1.81953 ,-1.85381 ,-18.18960 
579 ,107.7746 ,1.82157 ,-1.86750 ,-18.32391 
580 ,107.9825 ,1.82362 ,-1.85723 ,-18.22317 
581 ,108.1587 ,1.82537 ,-1.87777 ,-18.42464 
582 ,108.3508 ,1.82722 ,-1.87092 ,-18.35749 
583 ,108.5427 ,1.82925 ,-1.86750 ,-18.32391 
584 ,108.7188 ,1.83107 ,-1.88461 ,-18.49180 
585 ,108.9105 ,1.83291 ,-1.90857 ,-18.72685 
586 ,109.0869 ,1.83470 ,-1.90172 ,-18.65969 
587 ,109.3111 ,1.83675 ,-1.92225 ,-18.86116 
588 ,109.5028 ,1.83879 ,-1.90857 ,-18.72685 
589 ,109.6790 ,1.84066 ,-1.91199 ,-18.76043 
590 ,109.8711 ,1.84248 ,-1.94279 ,-19.06263 
591 ,110.0312 ,1.84423 ,-1.92910 ,-18.92832 
592 ,110.2073 ,1.84586 ,-1.93937 ,-19.02905 
593 ,110.3829 ,1.84760 ,-1.93594 ,-18.99547 
594 ,110.5591 ,1.84941 ,-1.94963 ,-19.12979 
595 ,110.7513 ,1.85123 ,-1.96674 ,-19.29768 
596 ,110.9436 ,1.85321 ,-1.95990 ,-19.23052 
597 ,111.1356 ,1.85521 ,-1.96674 ,-19.29768 
598 ,111.3118 ,1.85691 ,-1.98385 ,-19.46557 
599 ,111.4878 ,1.85866 ,-1.99412 ,-19.56631 
600 ,111.7120 ,1.86076 ,-1.99412 ,-19.56631 
601 ,111.9201 ,1.86292 ,-2.00781 ,-19.70062 
602 ,112.1120 ,1.86487 ,-2.02150 ,-19.83493 
603 ,112.3043 ,1.86679 ,-1.99754 ,-19.59988 
604 ,112.5123 ,1.86885 ,-2.03519 ,-19.96925 
605 ,112.7044 ,1.87083 ,-2.02150 ,-19.83493 
606 ,112.8805 ,1.87262 ,-2.01808 ,-19.80135 
607 ,113.0726 ,1.87449 ,-2.05230 ,-20.13714 
608 ,113.2482 ,1.87634 ,-2.04203 ,-20.03640 
609 ,113.4247 ,1.87802 ,-2.05572 ,-20.17072 
610 ,113.6164 ,1.87988 ,-2.06941 ,-20.30503 
611 ,113.8088 ,1.88184 ,-2.07967 ,-20.40576 
612 ,114.0009 ,1.88376 ,-2.06599 ,-20.27145 
613 ,114.2091 ,1.88573 ,-2.07967 ,-20.40576 
614 ,114.4010 ,1.88777 ,-2.07625 ,-20.37219 
615 ,114.5932 ,1.88969 ,-2.10705 ,-20.67439 
616 ,114.7853 ,1.89157 ,-2.10021 ,-20.60723 
617 ,114.9774 ,1.89351 ,-2.11047 ,-20.70797 
618 ,115.1533 ,1.89539 ,-2.12074 ,-20.80870 
619 ,115.3294 ,1.89708 ,-2.13443 ,-20.94302 
620 ,115.5214 ,1.89893 ,-2.12758 ,-20.87586 
621 ,115.7136 ,1.90094 ,-2.14470 ,-21.04375 
622 ,115.8897 ,1.90265 ,-2.14812 ,-21.07733 
623 ,116.0656 ,1.90450 ,-2.15154 ,-21.11091 
624 ,116.2414 ,1.90621 ,-2.14470 ,-21.04375 
625 ,116.4175 ,1.90794 ,-2.14470 ,-21.04375 
626 ,116.5939 ,1.90978 ,-2.16523 ,-21.24522 
627 ,116.8338 ,1.91198 ,-2.18234 ,-21.41311 
628 ,117.0259 ,1.91399 ,-2.18576 ,-21.44669 
629 ,117.2022 ,1.91584 ,-2.17207 ,-21.31238 
630 ,117.3939 ,1.91774 ,-2.18234 ,-21.41311 
631 ,117.5703 ,1.91948 ,-2.20629 ,-21.64816 
632 ,117.7464 ,1.92123 ,-2.19603 ,-21.54743 
633 ,117.9225 ,1.92306 ,-2.19261 ,-21.51385 
634 ,118.1304 ,1.92504 ,-2.20972 ,-21.68174 
635 ,118.3065 ,1.92680 ,-2.21656 ,-21.74890 
636 ,118.4827 ,1.92862 ,-2.20629 ,-21.64816 
637 ,118.6747 ,1.93043 ,-2.21656 ,-21.74890 
638 ,118.8668 ,1.93243 ,-2.23709 ,-21.95037 
639 ,119.0588 ,1.93425 ,-2.24394 ,-22.01752 
640 ,119.2511 ,1.93622 ,-2.24052 ,-21.98394 
641 ,119.4431 ,1.93819 ,-2.24736 ,-22.05110 
642 ,119.6186 ,1.93999 ,-2.24394 ,-22.01752 
643 ,119.9873 ,1.94356 ,-2.26447 ,-22.21899 
644 ,120.1794 ,1.94547 ,-2.26105 ,-22.18541 
645 ,120.3712 ,1.94740 ,-2.28843 ,-22.45404 
646 ,120.5636 ,1.94939 ,-2.29527 ,-22.52120 
647 ,120.7554 ,1.95138 ,-2.30554 ,-22.62193 
648 ,120.9153 ,1.95302 ,-2.30554 ,-22.62193 
649 ,121.0916 ,1.95470 ,-2.30554 ,-22.62193 
650 ,121.2678 ,1.95640 ,-2.31580 ,-22.72267 
651 ,121.4599 ,1.95834 ,-2.30212 ,-22.58835 
652 ,121.6519 ,1.96028 ,-2.32607 ,-22.82340 
653 ,121.8440 ,1.96221 ,-2.33634 ,-22.92414 
654 ,122.0357 ,1.96417 ,-2.34318 ,-22.99129 
655 ,122.2121 ,1.96586 ,-2.33291 ,-22.89056 
656 ,122.3881 ,1.96758 ,-2.34660 ,-23.02487 
657 ,122.5961 ,1.96968 ,-2.34660 ,-23.02487 
658 ,122.7882 ,1.97167 ,-2.36371 ,-23.19276 
659 ,123.0124 ,1.97371 ,-2.36029 ,-23.15918 
660 ,123.2044 ,1.97580 ,-2.37398 ,-23.29350 
661 ,123.3965 ,1.97763 ,-2.37398 ,-23.29350 
662 ,123.5725 ,1.97945 ,-2.37056 ,-23.25992 
663 ,123.7807 ,1.98145 ,-2.38082 ,-23.36065 
664 ,123.9567 ,1.98333 ,-2.39451 ,-23.49497 
665 ,124.1328 ,1.98509 ,-2.40136 ,-23.56212 
666 ,124.3249 ,1.98694 ,-2.41162 ,-23.66286 
667 ,124.5012 ,1.98873 ,-2.41162 ,-23.66286 
668 ,124.6930 ,1.99073 ,-2.41847 ,-23.73002 
669 ,124.8692 ,1.99244 ,-2.43216 ,-23.86433 
670 ,125.0451 ,1.99420 ,-2.44242 ,-23.96506 
671 ,125.2214 ,1.99595 ,-2.44242 ,-23.96506 
672 ,125.4135 ,1.99790 ,-2.43216 ,-23.86433 
673 ,125.6051 ,1.99981 ,-2.45611 ,-24.09938 
674 ,125.7977 ,2.00173 ,-2.45269 ,-24.06580 
675 ,125.9897 ,2.00366 ,-2.44585 ,-23.99864 
676 ,126.1816 ,2.00557 ,-2.46980 ,-24.23369 
677 ,126.3739 ,2.00746 ,-2.44927 ,-24.03222 
678 ,126.5659 ,2.00936 ,-2.48691 ,-24.40158 
679 ,126.7580 ,2.01131 ,-2.47665 ,-24.30085 
680 ,126.9506 ,2.01323 ,-2.47322 ,-24.26727 
681 ,127.1423 ,2.01516 ,-2.50060 ,-24.53589 
682 ,127.3342 ,2.01705 ,-2.48691 ,-24.40158 
683 ,127.5102 ,2.01886 ,-2.49718 ,-24.50232 
684 ,127.6864 ,2.02058 ,-2.51087 ,-24.63663 
685 ,127.8784 ,2.02245 ,-2.49718 ,-24.50232 
686 ,128.0546 ,2.02427 ,-2.50745 ,-24.60305 
687 ,128.2466 ,2.02612 ,-2.53482 ,-24.87168 
688 ,128.4227 ,2.02794 ,-2.53824 ,-24.90526 
689 ,128.5988 ,2.02973 ,-2.54167 ,-24.93883 
690 ,128.8068 ,2.03180 ,-2.54851 ,-25.00599 
691 ,129.0147 ,2.03382 ,-2.53824 ,-24.90526 
692 ,129.2069 ,2.03574 ,-2.56220 ,-25.14030 
693 ,129.3988 ,2.03765 ,-2.55193 ,-25.03957 
694 ,129.5912 ,2.03962 ,-2.55193 ,-25.03957 
695 ,129.7991 ,2.04169 ,-2.57589 ,-25.27462 
696 ,129.9753 ,2.04346 ,-2.55536 ,-25.07315 
697 ,130.1351 ,2.04517 ,-2.55536 ,-25.07315 
698 ,130.3114 ,2.04682 ,-2.57931 ,-25.30820 
699 ,130.4872 ,2.04861 ,-2.57931 ,-25.30820 
700 ,130.6637 ,2.05033 ,-2.58273 ,-25.34177 
701 ,130.8556 ,2.05225 ,-2.58615 ,-25.37535 
702 ,131.0639 ,2.05424 ,-2.60327 ,-25.54324 
703 ,131.2716 ,2.05639 ,-2.58615 ,-25.37535 
704 ,131.4479 ,2.05817 ,-2.58958 ,-25.40893 
705 ,131.6235 ,2.05992 ,-2.60327 ,-25.54324 
706 ,131.8162 ,2.06183 ,-2.60669 ,-25.57682 
707 ,132.0082 ,2.06380 ,-2.62038 ,-25.71114 
708 ,132.2003 ,2.06569 ,-2.64433 ,-25.94618 
709 ,132.3923 ,2.06759 ,-2.62722 ,-25.77829 
710 ,132.5684 ,2.06944 ,-2.65118 ,-26.01334 
711 ,132.7445 ,2.07113 ,-2.65118 ,-26.01334 
712 ,132.9365 ,2.07307 ,-2.63749 ,-25.87903 
713 ,133.1127 ,2.07486 ,-2.64433 ,-25.94618 
714 ,133.3045 ,2.07675 ,-2.65460 ,-26.04692 
715 ,133.4809 ,2.07850 ,-2.67855 ,-26.28197 
716 ,133.6889 ,2.08054 ,-2.66829 ,-26.18123 
717 ,133.8810 ,2.08251 ,-2.69224 ,-26.41628 
718 ,134.0730 ,2.08447 ,-2.68540 ,-26.34912 
719 ,134.2493 ,2.08623 ,-2.68882 ,-26.38270 
720 ,134.4417 ,2.08815 ,-2.70251 ,-26.51701 
721 ,134.6340 ,2.08997 ,-2.70593 ,-26.55059 
722 ,134.8250 ,2.09191 ,-2.70593 ,-26.55059 
723 ,135.0174 ,2.09379 ,-2.70593 ,-26.55059 
724 ,135.1935 ,2.09567 ,-2.71620 ,-26.65133 
725 ,135.3857 ,2.09750 ,-2.74015 ,-26.88638 
726 ,135.5616 ,2.09939 ,-2.73673 ,-26.85280 
727 ,135.7536 ,2.10126 ,-2.72989 ,-26.78564 
728 ,135.9454 ,2.10305 ,-2.74700 ,-26.95353 
729 ,136.1379 ,2.10505 ,-2.72646 ,-26.75206 
730 ,136.3300 ,2.10707 ,-2.72646 ,-26.75206 
731 ,136.5055 ,2.10875 ,-2.76411 ,-27.12142 
732 ,136.6819 ,2.11053 ,-2.75042 ,-26.98711 
733 ,136.8743 ,2.11238 ,-2.74700 ,-26.95353 
734 ,137.0500 ,2.11426 ,-2.78806 ,-27.35647 
735 ,137.2102 ,2.11590 ,-2.75384 ,-27.02069 
736 ,137.4024 ,2.11771 ,-2.79148 ,-27.39005 
737 ,137.5785 ,2.11946 ,-2.79833 ,-27.45721 
738 ,137.7546 ,2.12139 ,-2.76411 ,-27.12142 
739 ,137.9465 ,2.12311 ,-2.81544 ,-27.62510 
740 ,138.1227 ,2.12491 ,-2.79833 ,-27.45721 
741 ,138.3147 ,2.12688 ,-2.80517 ,-27.52436 
742 ,138.5068 ,2.12880 ,-2.80860 ,-27.55794 
743 ,138.6990 ,2.13058 ,-2.82913 ,-27.75941 
744 ,138.8909 ,2.13261 ,-2.81202 ,-27.59152 
745 ,139.0671 ,2.13434 ,-2.81202 ,-27.59152 
746 ,139.2427 ,2.13616 ,-2.85993 ,-28.06162 
747 ,139.4518 ,2.13813 ,-2.83940 ,-27.86015 
748 ,139.6433 ,2.14014 ,-2.80517 ,-27.52436 
749 ,139.8351 ,2.14197 ,-2.85993 ,-28.06162 
750 ,140.0271 ,2.14395 ,-2.85651 ,-28.02804 
751 ,140.2032 ,2.14568 ,-2.84624 ,-27.92730 
752 ,140.3796 ,2.14753 ,-2.85993 ,-28.06162 
753 ,140.5714 ,2.14944 ,-2.88388 ,-28.29666 
754 ,140.7638 ,2.15125 ,-2.85651 ,-28.02804 
755 ,140.9558 ,2.15325 ,-2.87704 ,-28.22951 
756 ,141.1478 ,2.15514 ,-2.87704 ,-28.22951 
757 ,141.3235 ,2.15688 ,-2.87704 ,-28.22951 
758 ,141.4998 ,2.15870 ,-2.88731 ,-28.33024 
759 ,141.6919 ,2.16059 ,-2.90099 ,-28.46456 
760 ,141.8682 ,2.16230 ,-2.89415 ,-28.39740 
761 ,142.0443 ,2.16415 ,-2.90099 ,-28.46456 
762 ,142.2363 ,2.16603 ,-2.92153 ,-28.66603 
763 ,142.4446 ,2.16797 ,-2.92153 ,-28.66603 
764 ,142.6364 ,2.17002 ,-2.92495 ,-28.69960 
765 ,142.8285 ,2.17196 ,-2.91126 ,-28.56529 
766 ,143.0045 ,2.17370 ,-2.93522 ,-28.80034 
767 ,143.1807 ,2.17552 ,-2.93522 ,-28.80034 
768 ,143.3726 ,2.17743 ,-2.94206 ,-28.86750 
769 ,143.5487 ,2.17919 ,-2.94890 ,-28.93465 
770 ,143.7409 ,2.18107 ,-2.94206 ,-28.86750 
771 ,143.9495 ,2.18313 ,-2.94548 ,-28.90107 
772 ,144.1412 ,2.18504 ,-2.96259 ,-29.06897 
773 ,144.3012 ,2.18681 ,-2.98655 ,-29.30401 
774 ,144.4768 ,2.18839 ,-2.97286 ,-29.16970 
775 ,144.6534 ,2.19023 ,-2.99339 ,-29.37117 
776 ,144.8452 ,2.19213 ,-2.97286 ,-29.16970 
777 ,145.0535 ,2.19423 ,-2.98655 ,-29.30401 
778 ,145.2294 ,2.19597 ,-2.98655 ,-29.30401 
779 ,145.4217 ,2.19788 ,-2.97628 ,-29.20328 
780 ,145.6136 ,2.19971 ,-2.99339 ,-29.37117 
781 ,145.7897 ,2.20151 ,-2.99681 ,-29.40475 
782 ,145.9659 ,2.20334 ,-3.00708 ,-29.50548 
783 ,146.1420 ,2.20512 ,-3.00366 ,-29.47190 
784 ,146.3337 ,2.20694 ,-3.01735 ,-29.60622 
785 ,146.5258 ,2.20887 ,-3.01050 ,-29.53906 
786 ,146.7339 ,2.21084 ,-3.04130 ,-29.84127 
787 ,146.9103 ,2.21276 ,-3.02419 ,-29.67337 
788 ,147.1020 ,2.21458 ,-3.02077 ,-29.63980 
789 ,147.2943 ,2.21659 ,-3.05157 ,-29.94200 
790 ,147.4704 ,2.21839 ,-3.04473 ,-29.87484 
791 ,147.6784 ,2.22027 ,-3.05499 ,-29.97558 
792 ,147.8705 ,2.22235 ,-3.05841 ,-30.00916 
793 ,148.0787 ,2.22439 ,-3.05499 ,-29.97558 
794 ,148.2704 ,2.22639 ,-3.06868 ,-30.10989 
795 ,148.4473 ,2.22811 ,-3.04130 ,-29.84127 
796 ,148.6388 ,2.23003 ,-3.06868 ,-30.10989 
797 ,148.8306 ,2.23194 ,-3.07895 ,-30.21063 
798 ,149.0069 ,2.23369 ,-3.08237 ,-30.24421 
799 ,149.1832 ,2.23548 ,-3.07895 ,-30.21063 
800 ,149.3912 ,2.23738 ,-3.08921 ,-30.31136 
801 ,149.5833 ,2.23953 ,-3.08921 ,-30.31136 
802 ,149.7435 ,2.24120 ,-3.09264 ,-30.34494 
803 ,149.9354 ,2.24297 ,-3.10290 ,-30.44568 
804 ,150.1273 ,2.24487 ,-3.09948 ,-30.41210 
805 ,150.3036 ,2.24668 ,-3.09606 ,-30.37852 
806 ,150.5116 ,2.24872 ,-3.12001 ,-30.61357 
807 ,150.7199 ,2.25080 ,-3.13028 ,-30.71430 
808 ,150.9114 ,2.25271 ,-3.13370 ,-30.74788 
809 ,151.0880 ,2.25456 ,-3.14055 ,-30.81504 
810 ,151.2960 ,2.25656 ,-3.13370 ,-30.74788 
811 ,151.4880 ,2.25845 ,-3.13028 ,-30.71430 
812 ,151.6643 ,2.26028 ,-3.14055 ,-30.81504 
813 ,151.8563 ,2.26211 ,-3.15766 ,-30.98293 
814 ,152.0802 ,2.26430 ,-3.15423 ,-30.94935 
815 ,152.2404 ,2.26614 ,-3.17477 ,-31.15082 
816 ,152.4166 ,2.26781 ,-3.17477 ,-31.15082 
817 ,152.6084 ,2.26966 ,-3.16792 ,-31.08366 
818 ,152.8166 ,2.27185 ,-3.17135 ,-31.11724 
819 ,153.0245 ,2.27377 ,-3.19188 ,-31.31871 
820 ,153.2168 ,2.27571 ,-3.17819 ,-31.18440 
821 ,153.4249 ,2.27781 ,-3.17477 ,-31.15082 
822 ,153.6169 ,2.27975 ,-3.20557 ,-31.45302 
823 ,153.7931 ,2.28160 ,-3.21583 ,-31.55376 
824 ,153.9851 ,2.28348 ,-3.18503 ,-31.25155 
825 ,154.1767 ,2.28535 ,-3.20557 ,-31.45302 
826 ,154.3533 ,2.28718 ,-3.22952 ,-31.68807 
827 ,154.5614 ,2.28924 ,-3.20899 ,-31.48660 
828 ,154.7535 ,2.29115 ,-3.22268 ,-31.62092 
829 ,154.9456 ,2.29310 ,-3.22610 ,-31.65449 
830 ,155.1536 ,2.29505 ,-3.23637 ,-31.75523 
831 ,155.3456 ,2.29705 ,-3.21583 ,-31.55376 
832 ,155.5217 ,2.29884 ,-3.22952 ,-31.68807 
833 ,155.6976 ,2.30061 ,-3.23294 ,-31.72165 
834 ,155.8739 ,2.30234 ,-3.23637 ,-31.75523 
835 ,156.0501 ,2.30415 ,-3.25690 ,-31.95670 
836 ,156.2260 ,2.30593 ,-3.24663 ,-31.85596 
837 ,156.4020 ,2.30770 ,-3.25348 ,-31.92312 
838 ,156.5783 ,2.30941 ,-3.26374 ,-32.02386 
839 ,156.7701 ,2.31130 ,-3.28085 ,-32.19175 
840 ,156.9466 ,2.31307 ,-3.27401 ,-32.12459 
841 ,157.1224 ,2.31485 ,-3.27059 ,-32.09101 
842 ,157.3146 ,2.31679 ,-3.27401 ,-32.12459 
843 ,157.5065 ,2.31859 ,-3.27743 ,-32.15817 
844 ,157.6826 ,2.32056 ,-3.27059 ,-32.09101 
845 ,157.8747 ,2.32237 ,-3.30481 ,-32.42680 
846 ,158.0509 ,2.32410 ,-3.30481 ,-32.42680 
847 ,158.2268 ,2.32594 ,-3.29112 ,-32.29248 
848 ,158.4189 ,2.32776 ,-3.30481 ,-32.42680 
849 ,158.5947 ,2.32958 ,-3.29797 ,-32.35964 
850 ,158.7872 ,2.33149 ,-3.29454 ,-32.32606 
851 ,158.9951 ,2.33355 ,-3.33561 ,-32.72900 
852 ,159.1713 ,2.33533 ,-3.31850 ,-32.56111 
853 ,159.3474 ,2.33705 ,-3.32534 ,-32.62827 
854 ,159.5390 ,2.33895 ,-3.33903 ,-32.76258 
855 ,159.7154 ,2.34075 ,-3.31850 ,-32.56111 
856 ,159.9235 ,2.34285 ,-3.34930 ,-32.86331 
857 ,160.0996 ,2.34464 ,-3.33561 ,-32.72900 
858 ,160.3077 ,2.34655 ,-3.33561 ,-32.72900 
859 ,160.4998 ,2.34853 ,-3.34930 ,-32.86331 
860 ,160.6917 ,2.35051 ,-3.36641 ,-33.03120 
861 ,160.8837 ,2.35238 ,-3.34588 ,-32.82973 
862 ,161.0600 ,2.35416 ,-3.33903 ,-32.76258 
863 ,161.2359 ,2.35595 ,-3.37668 ,-33.13194 
864 ,161.4122 ,2.35773 ,-3.39379 ,-33.29983 
865 ,161.6201 ,2.35972 ,-3.37668 ,-33.13194 
866 ,161.8283 ,2.36184 ,-3.38694 ,-33.23267 
867 ,162.0203 ,2.36384 ,-3.36983 ,-33.06478 
868 ,162.1965 ,2.36557 ,-3.38694 ,-33.23267 
869 ,162.4046 ,2.36757 ,-3.39036 ,-33.26625 
870 ,162.5968 ,2.36949 ,-3.39379 ,-33.29983 
871 ,162.7721 ,2.37141 ,-3.41774 ,-33.53488 
872 ,162.9808 ,2.37325 ,-3.40747 ,-33.43414 
873 ,163.1729 ,2.37525 ,-3.42116 ,-33.56846 
874 ,163.3644 ,2.37717 ,-3.42459 ,-33.60204 
875 ,163.5406 ,2.37904 ,-3.40747 ,-33.43414 
876 ,163.7006 ,2.38071 ,-3.41432 ,-33.50130 
877 ,163.8607 ,2.38233 ,-3.41774 ,-33.53488 
878 ,164.0369 ,2.38398 ,-3.43827 ,-33.73635 
879 ,164.2293 ,2.38583 ,-3.44854 ,-33.83708 
880 ,164.4213 ,2.38774 ,-3.42801 ,-33.63561 
881 ,164.6295 ,2.38979 ,-3.45881 ,-33.93782 
882 ,164.8214 ,2.39178 ,-3.43143 ,-33.66919 
883 ,164.9975 ,2.39370 ,-3.43827 ,-33.73635 
884 ,165.1737 ,2.39532 ,-3.45196 ,-33.87066 
885 ,165.3657 ,2.39718 ,-3.46565 ,-34.00498 
886 ,165.5578 ,2.39921 ,-3.45881 ,-33.93782 
887 ,165.7498 ,2.40106 ,-3.47934 ,-34.13929 
888 ,165.9258 ,2.40282 ,-3.47934 ,-34.13929 
889 ,166.1178 ,2.40469 ,-3.45196 ,-33.87066 
890 ,166.3102 ,2.40675 ,-3.47934 ,-34.13929 
891 ,166.5022 ,2.40860 ,-3.47934 ,-34.13929 
892 ,166.7100 ,2.41062 ,-3.48276 ,-34.17287 
893 ,166.9183 ,2.41269 ,-3.46907 ,-34.03855 
894 ,167.1263 ,2.41476 ,-3.49645 ,-34.30718 
895 ,167.3022 ,2.41660 ,-3.50330 ,-34.37434 
896 ,167.4786 ,2.41835 ,-3.48961 ,-34.24002 
897 ,167.6543 ,2.42016 ,-3.50672 ,-34.40792 
898 ,167.8306 ,2.42188 ,-3.50672 ,-34.40792 
899 ,168.0068 ,2.42361 ,-3.49987 ,-34.34076 
900 ,168.1824 ,2.42543 ,-3.51014 ,-34.44149 
901 ,168.3589 ,2.42718 ,-3.50672 ,-34.40792 
902 ,168.5510 ,2.42910 ,-3.51698 ,-34.50865 
903 ,168.7268 ,2.43081 ,-3.53410 ,-34.67654 
904 ,168.9192 ,2.43275 ,-3.52041 ,-34.54223 
905 ,169.1111 ,2.43469 ,-3.55463 ,-34.87801 
906 ,169.3033 ,2.43660 ,-3.53410 ,-34.67654 
907 ,169.4792 ,2.43837 ,-3.53067 ,-34.64296 
908 ,169.6715 ,2.44021 ,-3.56489 ,-34.97875 
909 ,169.8476 ,2.44206 ,-3.55805 ,-34.91159 
910 ,170.0236 ,2.44388 ,-3.54778 ,-34.81085 
911 ,170.1997 ,2.44557 ,-3.54778 ,-34.81085 
912 ,170.3758 ,2.44729 ,-3.54778 ,-34.81085 
913 ,170.5519 ,2.44909 ,-3.56832 ,-35.01232 
914 ,170.7440 ,2.45095 ,-3.57858 ,-35.11306 
915 ,170.9355 ,2.45286 ,-3.56832 ,-35.01232 
916 ,171.1115 ,2.45473 ,-3.57858 ,-35.11306 
917 ,171.2878 ,2.45651 ,-3.58543 ,-35.18022 
918 ,171.4961 ,2.45849 ,-3.57516 ,-35.07948 
919 ,171.6883 ,2.46050 ,-3.59912 ,-35.31453 
920 ,171.8644 ,2.46225 ,-3.59227 ,-35.24737 
921 ,172.0404 ,2.46400 ,-3.60596 ,-35.38169 
922 ,172.2325 ,2.46585 ,-3.60596 ,-35.38169 
923 ,172.4242 ,2.46785 ,-3.61965 ,-35.51600 
924 ,172.6164 ,2.46971 ,-3.59912 ,-35.31453 
925 ,172.8088 ,2.47167 ,-3.62307 ,-35.54958 
926 ,172.9850 ,2.47338 ,-3.62307 ,-35.54958 
927 ,173.1767 ,2.47529 ,-3.60938 ,-35.41526 
928 ,173.3690 ,2.47716 ,-3.64018 ,-35.71747 
929 ,173.5446 ,2.47900 ,-3.65045 ,-35.81820 
930 ,173.7210 ,2.48077 ,-3.61965 ,-35.51600 
931 ,173.8972 ,2.48257 ,-3.61965 ,-35.51600 
932 ,174.1052 ,2.48451 ,-3.64703 ,-35.78463 
933 ,174.2814 ,2.48636 ,-3.63334 ,-35.65031 
934 ,174.4734 ,2.48828 ,-3.63334 ,-35.65031 
935 ,174.6491 ,2.49010 ,-3.64703 ,-35.78463 
936 ,174.8255 ,2.49185 ,-3.66072 ,-35.91894 
937 ,175.0336 ,2.49385 ,-3.65387 ,-35.85178 
938 ,175.2097 ,2.49564 ,-3.66756 ,-35.98610 
939 ,175.4178 ,2.49764 ,-3.65387 ,-35.85178 
940 ,175.5938 ,2.49953 ,-3.68125 ,-36.12041 
941 ,175.7699 ,2.50125 ,-3.66072 ,-35.91894 
942 ,175.9459 ,2.50299 ,-3.69151 ,-36.22114 
943 ,176.1221 ,2.50475 ,-3.67440 ,-36.05325 
944 ,176.2979 ,2.50649 ,-3.66414 ,-35.95252 
945 ,176.4743 ,2.50831 ,-3.67098 ,-36.01967 
946 ,176.6660 ,2.51012 ,-3.69151 ,-36.22114 
947 ,176.8423 ,2.51208 ,-3.68467 ,-36.15399 
948 ,177.0343 ,2.51385 ,-3.69151 ,-36.22114 
949 ,177.2264 ,2.51573 ,-3.68467 ,-36.15399 
950 ,177.4344 ,2.51783 ,-3.69151 ,-36.22114 
951 ,177.6425 ,2.51985 ,-3.71205 ,-36.42261 
952 ,177.8185 ,2.52172 ,-3.70178 ,-36.32188 
953 ,177.9949 ,2.52350 ,-3.69836 ,-36.28830 
954 ,178.2030 ,2.52552 ,-3.69836 ,-36.28830 
955 ,178.3951 ,2.52742 ,-3.70863 ,-36.38903 
956 ,178.6030 ,2.52952 ,-3.71205 ,-36.42261 
957 ,178.7792 ,2.53135 ,-3.72231 ,-36.52335 
958 ,178.9711 ,2.53326 ,-3.72574 ,-36.55693 
959 ,179.1472 ,2.53504 ,-3.73258 ,-36.62408 
960 ,179.3235 ,2.53677 ,-3.74285 ,-36.72482 
961 ,179.5154 ,2.53864 ,-3.72916 ,-36.59050 
962 ,179.6913 ,2.54045 ,-3.72916 ,-36.59050 
963 ,179.8675 ,2.54223 ,-3.73943 ,-36.69124 
964 ,180.0434 ,2.54402 ,-3.73258 ,-36.62408 
965 ,180.2197 ,2.54571 ,-3.75311 ,-36.82555 
966 ,180.3957 ,2.54744 ,-3.72916 ,-36.59050 
967 ,180.5878 ,2.54929 ,-3.74969 ,-36.79197 
968 ,180.7800 ,2.55135 ,-3.76338 ,-36.92629 
969 ,180.9880 ,2.55339 ,-3.77022 ,-36.99344 
970 ,181.1641 ,2.55521 ,-3.75311 ,-36.82555 
971 ,181.3558 ,2.55703 ,-3.75654 ,-36.85913 
972 ,181.5323 ,2.55884 ,-3.76338 ,-36.92629 
973 ,181.7243 ,2.56068 ,-3.77707 ,-37.06060 
974 ,181.9164 ,2.56265 ,-3.77365 ,-37.02702 
975 ,182.1082 ,2.56451 ,-3.79760 ,-37.26207 
976 ,182.2846 ,2.56636 ,-3.77707 ,-37.06060 
977 ,182.4927 ,2.56842 ,-3.78049 ,-37.09418 
978 ,182.7006 ,2.57049 ,-3.80102 ,-37.29565 
979 ,182.8768 ,2.57229 ,-3.79760 ,-37.26207 
980 ,183.0849 ,2.57436 ,-3.82498 ,-37.53070 
981 ,183.2450 ,2.57610 ,-3.80787 ,-37.36281 
982 ,183.4210 ,2.57775 ,-3.82156 ,-37.49712 
983 ,183.6131 ,2.57957 ,-3.80787 ,-37.36281 
984 ,183.7892 ,2.58139 ,-3.81813 ,-37.46354 
985 ,183.9652 ,2.58317 ,-3.83182 ,-37.59785 
986 ,184.1413 ,2.58493 ,-3.81813 ,-37.46354 
987 ,184.3334 ,2.58683 ,-3.80445 ,-37.32923 
988 ,184.5095 ,2.58866 ,-3.82498 ,-37.53070 
989 ,184.7016 ,2.59054 ,-3.83867 ,-37.66501 
990 ,184.8936 ,2.59251 ,-3.82840 ,-37.56428 
991 ,185.0697 ,2.59422 ,-3.84551 ,-37.73217 
992 ,185.2457 ,2.59604 ,-3.84209 ,-37.69859 
993 ,185.4056 ,2.59767 ,-3.85578 ,-37.83290 
994 ,185.5978 ,2.59939 ,-3.84551 ,-37.73217 
995 ,185.7740 ,2.60123 ,-3.83867 ,-37.66501 
996 ,185.9661 ,2.60314 ,-3.85920 ,-37.86648 
997 ,186.1423 ,2.60496 ,-3.85578 ,-37.83290 
998 ,186.3342 ,2.60682 ,-3.85236 ,-37.79932 
999 ,186.5103 ,2.60859 ,-3.85920 ,-37.86648 
1000 ,186.7024 ,2.61047 ,-3.85920 ,-37.86648 
1001 ,186.8786 ,2.61229 ,-3.85236 ,-37.79932 
1002 ,187.0706 ,2.61421 ,-3.86605 ,-37.93364 
1003 ,187.2627 ,2.61611 ,-3.87631 ,-38.03437 
1004 ,187.4545 ,2.61795 ,-3.86947 ,-37.96721 
1005 ,187.6469 ,2.61997 ,-3.87973 ,-38.06795 
1006 ,187.8548 ,2.62192 ,-3.87631 ,-38.03437 
1007 ,188.0468 ,2.62389 ,-3.87631 ,-38.03437 
1008 ,188.2231 ,2.62574 ,-3.88658 ,-38.13511 
1009 ,188.4150 ,2.62761 ,-3.87631 ,-38.03437 
1010 ,188.5908 ,2.62949 ,-3.88658 ,-38.13511 
1011 ,188.7830 ,2.63124 ,-3.89000 ,-38.16868 
1012 ,188.9750 ,2.63322 ,-3.87631 ,-38.03437 
1013 ,189.1515 ,2.63501 ,-3.87973 ,-38.06795 
1014 ,189.3435 ,2.63689 ,-3.91053 ,-38.37015 
1015 ,189.5196 ,2.63867 ,-3.90711 ,-38.33658 
1016 ,189.7277 ,2.64068 ,-3.91053 ,-38.37015 
1017 ,189.9197 ,2.64269 ,-3.91053 ,-38.37015 
1018 ,190.1120 ,2.64447 ,-3.90711 ,-38.33658 
1019 ,190.3197 ,2.64666 ,-3.91396 ,-38.40373 
1020 ,190.5280 ,2.64861 ,-3.91738 ,-38.43731 
1021 ,190.7037 ,2.65052 ,-3.92422 ,-38.50447 
1022 ,190.8961 ,2.65237 ,-3.91396 ,-38.40373 
1023 ,191.0882 ,2.65434 ,-3.91738 ,-38.43731 
1024 ,191.2961 ,2.65637 ,-3.91396 ,-38.40373 
1025 ,191.4721 ,2.65819 ,-3.92080 ,-38.47089 
1026 ,191.6644 ,2.66020 ,-3.93449 ,-38.60520 
1027 ,191.8565 ,2.66209 ,-3.92080 ,-38.47089 
1028 ,192.0485 ,2.66395 ,-3.93449 ,-38.60520 
1029 ,192.2247 ,2.66571 ,-3.93791 ,-38.63878 
1030 ,192.4008 ,2.66749 ,-3.94133 ,-38.67236 
1031 ,192.5769 ,2.66924 ,-3.93791 ,-38.63878 
1032 ,192.7690 ,2.67119 ,-3.93107 ,-38.57162 
1033 ,192.9451 ,2.67300 ,-3.94476 ,-38.70594 
1034 ,193.1371 ,2.67485 ,-3.93107 ,-38.57162 
1035 ,193.3451 ,2.67689 ,-3.95160 ,-38.77309 
1036 ,193.5213 ,2.67871 ,-3.95160 ,-38.77309 
1037 ,193.7293 ,2.68066 ,-3.93107 ,-38.57162 
1038 ,193.9052 ,2.68252 ,-3.94476 ,-38.70594 
1039 ,194.0975 ,2.68445 ,-3.94133 ,-38.67236 
1040 ,194.2896 ,2.68639 ,-3.92422 ,-38.50447 
1041 ,194.4817 ,2.68824 ,-3.94476 ,-38.70594 
1042 ,194.6894 ,2.69024 ,-3.93107 ,-38.57162 
1043 ,194.8818 ,2.69231 ,-3.93449 ,-38.60520 
1044 ,195.0895 ,2.69432 ,-3.92080 ,-38.47089 
1045 ,195.2658 ,2.69617 ,-3.91738 ,-38.43731 
1046 ,195.4581 ,2.69797 ,-3.91053 ,-38.37015 
1047 ,195.6503 ,2.69999 ,-3.87973 ,-38.06795 
1048 ,195.8422 ,2.70192 ,-3.89684 ,-38.23584 
1049 ,196.0504 ,2.70382 ,-3.85236 ,-37.79932 
1050 ,196.2425 ,2.70600 ,-3.83867 ,-37.66501 
1051 ,196.4345 ,2.70780 ,-3.79076 ,-37.19491 
1052 ,196.6265 ,2.70965 ,-3.75311 ,-36.82555 
1053 ,196.8186 ,2.71161 ,0.74361 ,7.29633 
1054 ,197.0107 ,2.71346 ,0.63068 ,6.18825 
1055 ,197.2023 ,2.71543 ,0.61015 ,5.98678 
1056 ,197.3788 ,2.71726 ,0.61357 ,6.02036 
1057 ,197.5710 ,2.71920 ,0.62384 ,6.12109 
1058 ,197.7630 ,2.72102 ,0.59988 ,5.88605 
1059 ,197.9391 ,2.72286 ,0.61015 ,5.98678 
1060 ,198.1151 ,2.72458 ,0.61357 ,6.02036 
1061 ,198.3233 ,2.72653 ,0.59988 ,5.88605 
1062 ,198.5151 ,2.72859 ,0.62042 ,6.08752 
1063 ,198.6914 ,2.73037 ,0.62726 ,6.15467 
1064 ,198.8996 ,2.73235 ,0.63410 ,6.22183 
1065 ,199.0916 ,2.73436 ,0.63068 ,6.18825 
1066 ,199.2832 ,2.73633 ,0.63410 ,6.22183 
1067 ,199.4598 ,2.73808 ,0.61015 ,5.98678 
1068 ,199.6517 ,2.73994 ,0.61357 ,6.02036 
1069 ,199.8279 ,2.74174 ,0.63410 ,6.22183 
1070 ,200.0199 ,2.74359 ,0.61357 ,6.02036 
1071 ,200.1960 ,2.74539 ,0.61699 ,6.05394 
1072 ,200.3878 ,2.74733 ,0.63410 ,6.22183 
1073 ,200.5642 ,2.74913 ,0.62042 ,6.08752 
1074 ,200.7560 ,2.75101 ,0.59988 ,5.88605 
1075 ,200.9483 ,2.75293 ,0.62042 ,6.08752 
1076 ,201.1243 ,2.75469 ,0.62042 ,6.08752 
1077 ,201.3165 ,2.75665 ,0.61699 ,6.05394 
1078 ,201.4921 ,2.75851 ,0.62042 ,6.08752 
1079 ,201.6686 ,2.76016 ,0.62726 ,6.15467 
1080 ,201.8608 ,2.76198 ,0.61357 ,6.02036 
1081 ,202.0530 ,2.76398 ,0.62384 ,6.12109 
1082 ,202.2449 ,2.76583 ,0.61357 ,6.02036 
1083 ,202.4209 ,2.76767 ,0.62384 ,6.12109 
1084 ,202.5810 ,2.76937 ,0.61699 ,6.05394 
1085 ,202.7567 ,2.77102 ,0.60673 ,5.95320 
1086 ,202.9496 ,2.77285 ,0.61699 ,6.05394 
1087 ,203.1413 ,2.77481 ,0.59988 ,5.88605 
1088 ,203.3335 ,2.77673 ,0.64095 ,6.28899 
1089 ,203.5254 ,2.77870 ,0.63410 ,6.22183 
1090 ,203.7015 ,2.78043 ,0.61357 ,6.02036 
1091 ,203.9095 ,2.78247 ,0.64095 ,6.28899 
1092 ,204.1016 ,2.78447 ,0.61357 ,6.02036 
1093 ,204.2775 ,2.78625 ,0.60673 ,5.95320 
1094 ,204.4544 ,2.78795 ,0.61699 ,6.05394 
1095 ,204.6617 ,2.79002 ,0.61357 ,6.02036 
1096 ,204.8542 ,2.79193 ,0.62726 ,6.15467 
1097 ,205.0620 ,2.79406 ,0.59988 ,5.88605 
1098 ,205.2699 ,2.79609 ,0.65121 ,6.38972 
1099 ,205.4302 ,2.79782 ,0.61357 ,6.02036 
1100 ,205.6223 ,2.79960 ,0.62042 ,6.08752 
1101 ,205.7820 ,2.80134 ,0.60673 ,5.95320 
1102 ,205.9584 ,2.80300 ,0.61699 ,6.05394 
1103 ,206.1345 ,2.80477 ,0.61357 ,6.02036 
1104 ,206.3263 ,2.80663 ,0.62726 ,6.15467 
1105 ,206.5185 ,2.80848 ,0.60673 ,5.95320 
1106 ,206.6946 ,2.81039 ,0.63410 ,6.22183 
1107 ,206.9026 ,2.81246 ,0.62042 ,6.08752 
1108 ,207.0789 ,2.81418 ,0.61015 ,5.98678 
1109 ,207.2709 ,2.81610 ,0.63068 ,6.18825 
1110 ,207.4630 ,2.81798 ,0.61357 ,6.02036 
1111 ,207.6391 ,2.81983 ,0.61015 ,5.98678 
1112 ,207.8152 ,2.82157 ,0.63410 ,6.22183 
1113 ,207.9912 ,2.82343 ,0.61699 ,6.05394 
1114 ,208.1673 ,2.82505 ,0.62726 ,6.15467 
1115 ,208.3591 ,2.82694 ,0.61015 ,5.98678 
1116 ,208.5515 ,2.82881 ,0.61357 ,6.02036 
1117 ,208.7436 ,2.83085 ,0.61357 ,6.02036 
1118 ,208.9356 ,2.83276 ,0.62726 ,6.15467 
1119 ,209.1117 ,2.83455 ,0.62042 ,6.08752 
1120 ,209.3038 ,2.83646 ,0.63068 ,6.18825 
1121 ,209.4956 ,2.83833 ,0.61699 ,6.05394 
1122 ,209.6880 ,2.84031 ,0.62384 ,6.12109 
1123 ,209.8801 ,2.84215 ,0.62042 ,6.08752 
1124 ,210.0877 ,2.84423 ,0.63068 ,6.18825 
1125 ,210.2642 ,2.84604 ,0.62384 ,6.12109 
1126 ,210.4403 ,2.84782 ,0.61357 ,6.02036 
1127 ,210.6323 ,2.84977 ,0.62384 ,6.12109 
1128 ,210.8244 ,2.85166 ,0.62042 ,6.08752 
1129 ,211.0006 ,2.85343 ,0.61015 ,5.98678 
1130 ,211.1602 ,2.85510 ,0.61357 ,6.02036 
1131 ,211.3365 ,2.85681 ,0.59988 ,5.88605 
1132 ,211.5127 ,2.85853 ,0.62384 ,6.12109 
1133 ,211.7047 ,2.86042 ,0.63068 ,6.18825 
1134 ,211.8809 ,2.86222 ,0.62384 ,6.12109 
1135 ,212.0729 ,2.86410 ,0.62726 ,6.15467 
1136 ,212.2486 ,2.86588 ,0.62384 ,6.12109 
1137 ,212.4251 ,2.86761 ,0.62726 ,6.15467 
1138 ,212.6172 ,2.86953 ,0.61357 ,6.02036 
1139 ,212.7933 ,2.87137 ,0.62042 ,6.08752 
1140 ,212.9694 ,2.87312 ,0.63753 ,6.25541 
1141 ,213.1614 ,2.87500 ,0.62042 ,6.08752 
1142 ,213.3373 ,2.87679 ,0.60673 ,5.95320 
1143 ,213.5135 ,2.87854 ,0.61015 ,5.98678 
1144 ,213.6896 ,2.88029 ,0.61699 ,6.05394 
1145 ,213.8656 ,2.88201 ,0.62726 ,6.15467 
1146 ,214.0579 ,2.88393 ,0.61357 ,6.02036 
1147 ,214.2498 ,2.88580 ,0.62726 ,6.15467 
1148 ,214.4261 ,2.88765 ,0.62726 ,6.15467 
1149 ,214.6498 ,2.88975 ,0.60673 ,5.95320 
1150 ,214.8423 ,2.89179 ,0.61357 ,6.02036 
1151 ,215.0340 ,2.89366 ,0.62042 ,6.08752 
1152 ,215.2262 ,2.89558 ,0.61699 ,6.05394 
1153 ,215.4020 ,2.89740 ,0.61015 ,5.98678 
1154 ,215.5785 ,2.89918 ,0.62042 ,6.08752 
1155 ,215.7704 ,2.90109 ,0.61015 ,5.98678 
1156 ,215.9465 ,2.90285 ,0.62726 ,6.15467 
1157 ,216.1227 ,2.90460 ,0.61015 ,5.98678 
1158 ,216.3148 ,2.90653 ,0.62384 ,6.12109 
1159 ,216.5224 ,2.90854 ,0.61699 ,6.05394 
1160 ,216.6989 ,2.91036 ,0.61015 ,5.98678 
1161 ,216.9070 ,2.91234 ,0.61015 ,5.98678 
1162 ,217.0831 ,2.91431 ,0.60673 ,5.95320 
1163 ,217.2592 ,2.91594 ,0.62384 ,6.12109 
1164 ,217.4518 ,2.91782 ,0.63068 ,6.18825 
1165 ,217.6432 ,2.91978 ,0.61357 ,6.02036 
1166 ,217.8354 ,2.92173 ,0.62384 ,6.12109 
1167 ,218.0435 ,2.92381 ,0.60330 ,5.91962 
1168 ,218.2354 ,2.92566 ,0.62726 ,6.15467 
1169 ,218.4116 ,2.92750 ,0.62042 ,6.08752 
1170 ,218.5875 ,2.92921 ,0.63068 ,6.18825 
1171 ,218.7954 ,2.93117 ,0.62726 ,6.15467 
1172 ,218.9718 ,2.93311 ,0.62042 ,6.08752 
1173 ,219.1480 ,2.93489 ,0.62042 ,6.08752 
1174 ,219.3399 ,2.93674 ,0.61357 ,6.02036 
1175 ,219.5159 ,2.93853 ,0.62384 ,6.12109 
1176 ,219.6917 ,2.94028 ,0.62042 ,6.08752 
1177 ,219.8682 ,2.94208 ,0.62384 ,6.12109 
1178 ,220.0442 ,2.94378 ,0.62384 ,6.12109 
1179 ,220.2204 ,2.94556 ,0.61699 ,6.05394 
1180 ,220.4284 ,2.94762 ,0.61699 ,6.05394 
1181 ,220.6201 ,2.94950 ,0.60673 ,5.95320 
1182 ,220.7961 ,2.95133 ,0.61699 ,6.05394 
1183 ,220.9726 ,2.95308 ,0.63410 ,6.22183 
1184 ,221.1489 ,2.95492 ,0.63068 ,6.18825 
1185 ,221.3409 ,2.95675 ,0.61699 ,6.05394 
1186 ,221.5330 ,2.95866 ,0.63753 ,6.25541 
1187 ,221.7423 ,2.96072 ,0.59988 ,5.88605 
1188 ,221.9330 ,2.96269 ,0.63068 ,6.18825 
1189 ,222.1252 ,2.96455 ,0.61015 ,5.98678 
1190 ,222.3013 ,2.96640 ,0.59988 ,5.88605 
1191 ,222.4934 ,2.96825 ,0.63068 ,6.18825 
1192 ,222.6854 ,2.97019 ,0.62384 ,6.12109 
1193 ,222.8616 ,2.97197 ,0.62384 ,6.12109 
1194 ,223.0537 ,2.97390 ,0.62042 ,6.08752 
1195 ,223.2455 ,2.97586 ,0.61357 ,6.02036 
1196 ,223.4218 ,2.97758 ,0.61357 ,6.02036 
1197 ,223.6134 ,2.97943 ,0.63753 ,6.25541 
1198 ,223.7894 ,2.98124 ,0.62042 ,6.08752 
1199 ,223.9497 ,2.98296 ,0.61699 ,6.05394 
1200 ,224.1257 ,2.98465 ,0.62726 ,6.15467 
1201 ,224.3181 ,2.98646 ,0.62726 ,6.15467 
1202 ,224.5103 ,2.98841 ,0.63753 ,6.25541 
1203 ,224.7023 ,2.99037 ,0.61699 ,6.05394 
1204 ,224.9262 ,2.99252 ,0.63753 ,6.25541 
1205 ,225.1344 ,2.99461 ,0.63068 ,6.18825 
1206 ,225.3106 ,2.99649 ,0.63068 ,6.18825 
1207 ,225.5186 ,2.99845 ,0.62726 ,6.15467 
1208 ,225.7107 ,3.00045 ,0.63068 ,6.18825 
1209 ,225.9027 ,3.00240 ,0.61699 ,6.05394 
1210 ,226.0787 ,3.00414 ,0.61699 ,6.05394 
1211 ,226.2710 ,3.00599 ,0.62042 ,6.08752 
1212 ,226.4630 ,3.00797 ,0.61699 ,6.05394 
1213 ,226.6551 ,3.00990 ,0.63068 ,6.18825 
1214 ,226.8310 ,3.01166 ,0.62384 ,6.12109 
1215 ,227.0232 ,3.01361 ,0.60673 ,5.95320 
1216 ,227.2147 ,3.01552 ,0.62384 ,6.12109 
1217 ,227.3911 ,3.01730 ,0.63068 ,6.18825 
1218 ,227.5834 ,3.01917 ,0.61699 ,6.05394 
1219 ,227.7592 ,3.02095 ,0.61357 ,6.02036 
1220 ,227.9676 ,3.02304 ,0.61357 ,6.02036 
1221 ,228.1595 ,3.02495 ,0.61357 ,6.02036 
1222 ,228.3515 ,3.02680 ,0.62384 ,6.12109 
1223 ,228.5276 ,3.02864 ,0.62726 ,6.15467 
1224 ,228.7038 ,3.03039 ,0.60673 ,5.95320 
1225 ,228.8799 ,3.03214 ,0.61015 ,5.98678 
1226 ,229.0721 ,3.03406 ,0.62042 ,6.08752 
1227 ,229.2640 ,3.03591 ,0.61015 ,5.98678 
1228 ,229.4560 ,3.03788 ,0.63068 ,6.18825 
1229 ,229.6318 ,3.03967 ,0.62726 ,6.15467 
1230 ,229.8082 ,3.04139 ,0.62384 ,6.12109 
1231 ,229.9843 ,3.04317 ,0.61357 ,6.02036 
1232 ,230.1605 ,3.04495 ,0.61015 ,5.98678 
1233 ,230.3525 ,3.04683 ,0.63410 ,6.22183 
1234 ,230.5284 ,3.04862 ,0.62726 ,6.15467 
1235 ,230.7206 ,3.05053 ,0.61357 ,6.02036 
1236 ,230.8967 ,3.05228 ,0.63068 ,6.18825 
1237 ,231.0889 ,3.05426 ,0.63753 ,6.25541 
1238 ,231.2644 ,3.05601 ,0.61699 ,6.05394 
1239 ,231.4565 ,3.05779 ,0.63068 ,6.18825 
1240 ,231.6325 ,3.05972 ,0.62042 ,6.08752 
1241 ,231.8088 ,3.06142 ,0.62042 ,6.08752 
1242 ,232.0493 ,3.06367 ,0.63068 ,6.18825 
1243 ,232.2411 ,3.06574 ,0.60673 ,5.95320 
1244 ,232.4334 ,3.06759 ,0.63068 ,6.18825 
1245 ,232.6252 ,3.06953 ,0.61699 ,6.05394 
1246 ,232.8014 ,3.07133 ,0.61699 ,6.05394 
1247 ,232.9936 ,3.07330 ,0.61357 ,6.02036 
1248 ,233.1694 ,3.07502 ,0.62384 ,6.12109 
1249 ,233.3456 ,3.07678 ,0.60673 ,5.95320 
1250 ,233.5218 ,3.07853 ,0.61699 ,6.05394 
1251 ,233.7140 ,3.08043 ,0.62726 ,6.15467 
1252 ,233.9058 ,3.08237 ,0.61357 ,6.02036 
1253 ,234.0981 ,3.08428 ,0.62042 ,6.08752 
1254 ,234.2902 ,3.08621 ,0.62042 ,6.08752 
1255 ,234.4823 ,3.08815 ,0.61699 ,6.05394 
1256 ,234.6739 ,3.08997 ,0.62042 ,6.08752 
1257 ,234.8501 ,3.09183 ,0.62726 ,6.15467 
1258 ,235.0424 ,3.09376 ,0.59988 ,5.88605 
1259 ,235.2186 ,3.09551 ,0.61015 ,5.98678 
1260 ,235.4106 ,3.09745 ,0.61699 ,6.05394 
1261 ,235.5867 ,3.09922 ,0.60673 ,5.95320 
1262 ,235.7785 ,3.10110 ,0.61699 ,6.05394 
1263 ,235.9556 ,3.10287 ,0.62384 ,6.12109 
1264 ,236.1470 ,3.10480 ,0.61015 ,5.98678 
1265 ,236.3391 ,3.10666 ,0.63410 ,6.22183 
1266 ,236.5149 ,3.10844 ,0.62042 ,6.08752 
1267 ,236.6914 ,3.11025 ,0.63410 ,6.22183 
1268 ,237.1555 ,3.11346 ,0.61015 ,5.98678 
1269 ,237.3476 ,3.11672 ,0.60330 ,5.91962 
1270 ,237.5396 ,3.11860 ,0.62384 ,6.12109 
1271 ,237.7480 ,3.12077 ,0.61699 ,6.05394 
1272 ,237.9554 ,3.12277 ,0.61699 ,6.05394 
1273 ,238.1479 ,3.12472 ,0.61699 ,6.05394 
1274 ,238.3400 ,3.12671 ,0.61357 ,6.02036 
1275 ,238.5320 ,3.12861 ,0.62042 ,6.08752 
1276 ,238.7241 ,3.13048 ,0.59988 ,5.88605 
1277 ,238.9001 ,3.13233 ,0.61357 ,6.02036 
1278 ,239.0921 ,3.13423 ,0.62042 ,6.08752 
1279 ,239.2842 ,3.13606 ,0.61357 ,6.02036 
1280 ,239.4604 ,3.13786 ,0.62726 ,6.15467 
1281 ,239.6526 ,3.13975 ,0.61699 ,6.05394 
1282 ,239.8441 ,3.14172 ,0.60330 ,5.91962 
1283 ,240.0205 ,3.14350 ,0.61357 ,6.02036 
1284 ,240.1965 ,3.14523 ,0.61699 ,6.05394 
1285 ,240.3888 ,3.14721 ,0.60330 ,5.91962 
1286 ,240.5808 ,3.14902 ,0.61015 ,5.98678 
1287 ,240.7890 ,3.15119 ,0.62384 ,6.12109 
1288 ,240.9810 ,3.15310 ,0.62384 ,6.12109 
1289 ,241.1726 ,3.15495 ,0.62384 ,6.12109 
1290 ,241.3492 ,3.15677 ,0.62726 ,6.15467 
1291 ,241.5411 ,3.15871 ,0.61357 ,6.02036 
1292 ,241.7171 ,3.16042 ,0.63068 ,6.18825 
1293 ,241.9094 ,3.16231 ,0.61015 ,5.98678 
1294 ,242.1174 ,3.16443 ,0.63068 ,6.18825 
1295 ,242.2935 ,3.16629 ,0.61357 ,6.02036 
1296 ,242.4695 ,3.16797 ,0.62726 ,6.15467 
1297 ,242.6455 ,3.16975 ,0.61357 ,6.02036 
1298 ,242.8374 ,3.17158 ,0.63410 ,6.22183 
1299 ,243.0138 ,3.17341 ,0.63068 ,6.18825 
1300 ,243.1897 ,3.17518 ,0.61699 ,6.05394 
1301 ,243.3659 ,3.17693 ,0.60330 ,5.91962 
1302 ,243.5418 ,3.17871 ,0.61357 ,6.02036 
1303 ,243.7179 ,3.18040 ,0.62726 ,6.15467 
1304 ,243.8941 ,3.18219 ,0.64095 ,6.28899 
1305 ,244.0861 ,3.18407 ,0.61357 ,6.02036 
1306 ,244.2943 ,3.18619 ,0.62384 ,6.12109 
1307 ,244.4862 ,3.18813 ,0.61015 ,5.98678 
1308 ,244.6942 ,3.19015 ,0.63753 ,6.25541 
1309 ,244.8705 ,3.19196 ,0.62042 ,6.08752 
1310 ,245.0465 ,3.19374 ,0.61357 ,6.02036 
1311 ,245.2227 ,3.19550 ,0.61699 ,6.05394 
1312 ,245.4304 ,3.19753 ,0.61699 ,6.05394 
1313 ,245.6228 ,3.19944 ,0.61015 ,5.98678 
1314 ,245.8308 ,3.20151 ,0.61699 ,6.05394 
1315 ,246.0070 ,3.20331 ,0.62042 ,6.08752 
1316 ,246.1990 ,3.20521 ,0.61357 ,6.02036 
1317 ,246.3751 ,3.20703 ,0.63753 ,6.25541 
1318 ,246.5507 ,3.20877 ,0.62042 ,6.08752 
1319 ,246.7272 ,3.21054 ,0.61357 ,6.02036 
1320 ,246.9037 ,3.21235 ,0.61015 ,5.98678 
1321 ,247.1115 ,3.21430 ,0.63068 ,6.18825 
1322 ,247.3035 ,3.21627 ,0.61699 ,6.05394 
1323 ,247.4798 ,3.21802 ,0.62726 ,6.15467 
1324 ,247.6877 ,3.22008 ,0.60673 ,5.95320 
1325 ,247.8795 ,3.22212 ,0.61357 ,6.02036 
1326 ,248.0719 ,3.22397 ,0.63410 ,6.22183 
1327 ,248.2481 ,3.22576 ,0.63068 ,6.18825 
1328 ,248.4400 ,3.22766 ,0.62384 ,6.12109 
1329 ,248.6156 ,3.22939 ,0.63410 ,6.22183 
1330 ,248.7960 ,3.23123 ,0.62726 ,6.15467 
1331 ,249.0161 ,3.23333 ,0.61015 ,5.98678 
1332 ,249.2084 ,3.23531 ,0.63410 ,6.22183 
1333 ,249.4002 ,3.23732 ,0.63753 ,6.25541 
1334 ,249.5765 ,3.23898 ,0.63068 ,6.18825 
1335 ,249.7522 ,3.24076 ,0.63068 ,6.18825 
1336 ,249.9286 ,3.24255 ,0.62384 ,6.12109 
1337 ,250.1047 ,3.24439 ,0.62384 ,6.12109 
1338 ,250.2808 ,3.24604 ,0.62726 ,6.15467 
1339 ,250.4728 ,3.24794 ,0.61699 ,6.05394 
1340 ,250.6489 ,3.24974 ,0.63753 ,6.25541 
1341 ,250.8245 ,3.25143 ,0.62384 ,6.12109 
1342 ,251.0011 ,3.25327 ,0.62042 ,6.08752 
1343 ,251.1930 ,3.25517 ,0.63753 ,6.25541 
1344 ,251.3692 ,3.25695 ,0.62726 ,6.15467 
1345 ,251.5454 ,3.25872 ,0.61015 ,5.98678 
1346 ,251.7374 ,3.26060 ,0.63068 ,6.18825 
1347 ,251.9294 ,3.26246 ,0.62726 ,6.15467 
1348 ,252.1051 ,3.26430 ,0.61357 ,6.02036 
1349 ,252.2975 ,3.26618 ,0.62384 ,6.12109 
1350 ,252.5056 ,3.26820 ,0.61015 ,5.98678 
1351 ,252.7137 ,3.27032 ,0.63068 ,6.18825 
1352 ,252.8900 ,3.27217 ,0.63410 ,6.22183 
1353 ,253.0979 ,3.27422 ,0.61357 ,6.02036 
1354 ,253.2901 ,3.27615 ,0.62726 ,6.15467 
1355 ,253.4821 ,3.27806 ,0.61015 ,5.98678 
1356 ,253.6742 ,3.27992 ,0.64779 ,6.35614 
1357 ,253.8504 ,3.28176 ,0.62726 ,6.15467 
1358 ,254.0419 ,3.28364 ,0.61015 ,5.98678 
1359 ,254.2342 ,3.28549 ,0.62042 ,6.08752 
1360 ,254.4265 ,3.28749 ,0.61357 ,6.02036 
1361 ,254.6025 ,3.28932 ,0.62384 ,6.12109 
1362 ,254.7783 ,3.29104 ,0.60673 ,5.95320 
1363 ,255.0028 ,3.29325 ,0.61699 ,6.05394 
1364 ,255.1947 ,3.29521 ,0.62384 ,6.12109 
1365 ,255.3869 ,3.29708 ,0.61357 ,6.02036 
1366 ,255.5790 ,3.29900 ,0.63068 ,6.18825 
1367 ,255.8029 ,3.30122 ,0.61699 ,6.05394 
1368 ,255.9790 ,3.30300 ,0.62042 ,6.08752 
1369 ,256.1708 ,3.30491 ,0.63068 ,6.18825 
1370 ,256.3633 ,3.30682 ,0.59988 ,5.88605 
1371 ,256.5554 ,3.30871 ,0.61699 ,6.05394 
1372 ,256.7475 ,3.31066 ,0.61357 ,6.02036 
1373 ,256.9235 ,3.31254 ,0.61699 ,6.05394 
1374 ,257.0993 ,3.31423 ,0.62042 ,6.08752 
1375 ,257.2914 ,3.31611 ,0.63753 ,6.25541 
1376 ,257.4676 ,3.31795 ,0.62384 ,6.12109 
1377 ,257.6599 ,3.31980 ,0.61699 ,6.05394 
1378 ,257.8357 ,3.32171 ,0.63410 ,6.22183 
1379 ,258.0119 ,3.32332 ,0.63068 ,6.18825 
1380 ,258.2039 ,3.32525 ,0.60330 ,5.91962 
1381 ,258.3800 ,3.32700 ,0.61357 ,6.02036 
1382 ,258.5562 ,3.32875 ,0.63068 ,6.18825 
1383 ,258.7322 ,3.33065 ,0.62042 ,6.08752 
1384 ,258.9082 ,3.33231 ,0.62726 ,6.15467 
1385 ,259.0844 ,3.33406 ,0.61357 ,6.02036 
1386 ,259.2764 ,3.33594 ,0.62726 ,6.15467 
1387 ,259.4685 ,3.33791 ,0.63068 ,6.18825 
1388 ,259.6445 ,3.33965 ,0.61699 ,6.05394 
1389 ,259.8527 ,3.34167 ,0.62042 ,6.08752 
1390 ,260.0287 ,3.34353 ,0.62726 ,6.15467 
1391 ,260.2365 ,3.34553 ,0.61015 ,5.98678 
1392 ,260.4130 ,3.34735 ,0.62726 ,6.15467 
1393 ,260.6049 ,3.34923 ,0.62384 ,6.12109 
1394 ,260.7969 ,3.35115 ,0.62384 ,6.12109 
1395 ,260.9892 ,3.35309 ,0.64095 ,6.28899 
1396 ,261.1652 ,3.35486 ,0.62042 ,6.08752 
1397 ,261.3572 ,3.35674 ,0.62726 ,6.15467 
1398 ,261.5329 ,3.35862 ,0.61699 ,6.05394 
1399 ,261.7251 ,3.36041 ,0.62384 ,6.12109 
1400 ,261.9334 ,3.36252 ,0.63410 ,6.22183 
1401 ,262.1250 ,3.36439 ,0.60673 ,5.95320 
1402 ,262.3016 ,3.36621 ,0.61699 ,6.05394 
1403 ,262.4777 ,3.36796 ,0.62042 ,6.08752 
1404 ,262.6692 ,3.36990 ,0.63410 ,6.22183 
1405 ,262.8459 ,3.37166 ,0.62042 ,6.08752 
1406 ,263.0377 ,3.37357 ,0.61357 ,6.02036 
1407 ,263.2300 ,3.37547 ,0.62384 ,6.12109 
1408 ,263.4059 ,3.37724 ,0.62042 ,6.08752 
1409 ,263.5822 ,3.37905 ,0.62384 ,6.12109 
1410 ,263.7741 ,3.38090 ,0.62042 ,6.08752 
1411 ,263.9503 ,3.38274 ,0.62042 ,6.08752 
1412 ,264.1425 ,3.38462 ,0.62042 ,6.08752 
1413 ,264.3345 ,3.38647 ,0.63753 ,6.25541 
1414 ,264.5265 ,3.38845 ,0.63068 ,6.18825 
1415 ,264.7186 ,3.39032 ,0.62384 ,6.12109 
1416 ,264.9107 ,3.39232 ,0.62726 ,6.15467 
1417 ,265.1188 ,3.39433 ,0.61699 ,6.05394 
1418 ,265.3108 ,3.39621 ,0.62042 ,6.08752 
1419 ,265.5028 ,3.39828 ,0.62042 ,6.08752 
1420 ,265.6947 ,3.40010 ,0.63410 ,6.22183 
1421 ,265.8705 ,3.40195 ,0.61357 ,6.02036 
1422 ,266.0472 ,3.40368 ,0.63410 ,6.22183 
1423 ,266.2549 ,3.40567 ,0.62384 ,6.12109 
1424 ,266.4311 ,3.40749 ,0.62384 ,6.12109 
1425 ,266.6072 ,3.40927 ,0.62384 ,6.12109 
1426 ,266.7994 ,3.41107 ,0.62042 ,6.08752 
1427 ,266.9914 ,3.41313 ,0.62726 ,6.15467 
1428 ,267.1676 ,3.41483 ,0.62726 ,6.15467 
1429 ,267.3597 ,3.41680 ,0.61015 ,5.98678 
1430 ,267.5517 ,3.41862 ,0.62726 ,6.15467 
1431 ,267.7279 ,3.42052 ,0.62384 ,6.12109 
1432 ,267.9356 ,3.42250 ,0.62726 ,6.15467 
1433 ,268.1441 ,3.42457 ,0.61015 ,5.98678 
1434 ,268.3357 ,3.42652 ,0.61357 ,6.02036 
1435 ,268.5282 ,3.42835 ,0.62042 ,6.08752 
1436 ,268.7362 ,3.43046 ,0.61699 ,6.05394 
1437 ,268.9603 ,3.43263 ,0.62384 ,6.12109 
1438 ,269.1523 ,3.43464 ,0.64095 ,6.28899 
1439 ,269.3285 ,3.43644 ,0.63068 ,6.18825 
1440 ,269.5201 ,3.43830 ,0.61015 ,5.98678 
1441 ,269.6964 ,3.44017 ,0.60673 ,5.95320 
1442 ,269.8726 ,3.44187 ,0.61699 ,6.05394 
1443 ,270.0487 ,3.44367 ,0.63068 ,6.18825 
1444 ,270.2243 ,3.44549 ,0.59988 ,5.88605 
1445 ,270.4008 ,3.44719 ,0.61015 ,5.98678 
1446 ,270.5769 ,3.44896 ,0.61015 ,5.98678 
1447 ,270.7691 ,3.45087 ,0.62384 ,6.12109 
1448 ,270.9610 ,3.45276 ,0.61015 ,5.98678 
1449 ,271.1372 ,3.45458 ,0.61357 ,6.02036 
1450 ,271.3132 ,3.45635 ,0.63068 ,6.18825 
1451 ,271.5053 ,3.45814 ,0.63068 ,6.18825 
1452 ,271.6814 ,3.45998 ,0.59988 ,5.88605 
1453 ,271.8734 ,3.46186 ,0.63068 ,6.18825 
1454 ,272.0334 ,3.46362 ,0.63068 ,6.18825 
1455 ,272.2256 ,3.46535 ,0.61357 ,6.02036 
1456 ,272.4017 ,3.46719 ,0.62384 ,6.12109 
1457 ,272.6098 ,3.46925 ,0.62726 ,6.15467 
1458 ,272.8017 ,3.47111 ,0.61015 ,5.98678 
1459 ,272.9779 ,3.47296 ,0.61699 ,6.05394 
1460 ,273.1542 ,3.47471 ,0.59988 ,5.88605 
1461 ,273.3456 ,3.47661 ,0.62042 ,6.08752 
1462 ,273.5382 ,3.47847 ,0.62726 ,6.15467 
1463 ,273.7301 ,3.48048 ,0.62726 ,6.15467 
1464 ,273.9060 ,3.48223 ,0.62726 ,6.15467 
1465 ,274.0983 ,3.48417 ,0.60673 ,5.95320 
1466 ,274.2905 ,3.48604 ,0.63410 ,6.22183 
1467 ,274.4822 ,3.48799 ,0.62042 ,6.08752 
1468 ,274.6587 ,3.48974 ,0.61357 ,6.02036 
1469 ,274.8665 ,3.49174 ,0.62042 ,6.08752 
1470 ,275.0589 ,3.49366 ,0.62726 ,6.15467 
1471 ,275.2507 ,3.49567 ,0.62384 ,6.12109 
1472 ,275.4747 ,3.49743 ,0.63753 ,6.25541 
1473 ,275.6509 ,3.49869 ,0.62384 ,6.12109 
1474 ,275.8270 ,3.49949 ,0.62384 ,6.12109 
1475 ,276.0190 ,3.49988 ,0.61357 ,6.02036 
1476 ,276.2113 ,3.50000 ,0.62042 ,6.08752 
