Data stamp = , 05-04-2022 14:45:27 599

Calibration Values: 
Slope = , 26.54 , g/V 
Offset Voltage at no contact = , -0.501760 , V 

No , Time , Stage Position ,   Mass , Force 
   ,  (s) ,      (mm)      ,   (g)  , (mN)  

1 ,0.0000 ,0.59949 ,4.90155 ,48.09397 
2 ,0.2118 ,0.59957 ,4.89470 ,48.02681 
3 ,0.5320 ,0.60041 ,4.90839 ,48.16113 
4 ,0.7240 ,0.60178 ,4.90839 ,48.16113 
5 ,0.9162 ,0.60340 ,4.89812 ,48.06039 
6 ,1.0921 ,0.60519 ,4.90839 ,48.16113 
7 ,1.2682 ,0.60693 ,4.90155 ,48.09397 
8 ,1.4443 ,0.60865 ,4.92550 ,48.32902 
9 ,1.6203 ,0.61051 ,4.90839 ,48.16113 
10 ,1.7965 ,0.61223 ,4.89128 ,47.99324 
11 ,1.9885 ,0.61416 ,4.88444 ,47.92608 
12 ,2.1647 ,0.61592 ,4.87759 ,47.85892 
13 ,2.3567 ,0.61774 ,4.84679 ,47.55672 
14 ,2.5327 ,0.61971 ,4.84679 ,47.55672 
15 ,2.7248 ,0.62144 ,4.83995 ,47.48956 
16 ,2.9010 ,0.62327 ,4.81941 ,47.28809 
17 ,3.0769 ,0.62507 ,4.80230 ,47.12020 
18 ,3.2530 ,0.62679 ,4.78177 ,46.91873 
19 ,3.4291 ,0.62856 ,4.79204 ,47.01946 
20 ,3.6211 ,0.63038 ,4.76466 ,46.75084 
21 ,3.7812 ,0.63221 ,4.75439 ,46.65010 
22 ,3.9573 ,0.63383 ,4.73044 ,46.41506 
23 ,4.1334 ,0.63558 ,4.70990 ,46.21359 
24 ,4.3255 ,0.63746 ,4.71333 ,46.24716 
25 ,4.5015 ,0.63928 ,4.71333 ,46.24716 
26 ,4.6777 ,0.64105 ,4.67226 ,45.84422 
27 ,4.8538 ,0.64278 ,4.64831 ,45.60918 
28 ,5.0297 ,0.64455 ,4.64488 ,45.57560 
29 ,5.2218 ,0.64641 ,4.62777 ,45.40771 
30 ,5.3979 ,0.64822 ,4.60724 ,45.20624 
31 ,5.5740 ,0.65000 ,4.59013 ,45.03835 
32 ,5.7501 ,0.65176 ,4.57986 ,44.93761 
33 ,5.9421 ,0.65363 ,4.56617 ,44.80330 
34 ,6.1181 ,0.65542 ,4.54564 ,44.60183 
35 ,6.2943 ,0.65726 ,4.53880 ,44.53467 
36 ,6.4703 ,0.65896 ,4.50800 ,44.23247 
37 ,6.6624 ,0.66081 ,4.48746 ,44.03100 
38 ,6.8384 ,0.66263 ,4.47378 ,43.89668 
39 ,7.0305 ,0.66451 ,4.46009 ,43.76237 
40 ,7.2067 ,0.66637 ,4.44298 ,43.59448 
41 ,7.3827 ,0.66809 ,4.43613 ,43.52732 
42 ,7.5588 ,0.66983 ,4.40533 ,43.22512 
43 ,7.7507 ,0.67171 ,4.39849 ,43.15796 
44 ,7.9268 ,0.67355 ,4.36084 ,42.78860 
45 ,8.1195 ,0.67533 ,4.34031 ,42.58713 
46 ,8.3111 ,0.67734 ,4.33004 ,42.48639 
47 ,8.4870 ,0.67912 ,4.32662 ,42.45282 
48 ,8.6632 ,0.68085 ,4.30951 ,42.28492 
49 ,8.8393 ,0.68263 ,4.27187 ,41.91556 
50 ,9.0314 ,0.68448 ,4.27187 ,41.91556 
51 ,9.2073 ,0.68635 ,4.27187 ,41.91556 
52 ,9.3835 ,0.68814 ,4.22738 ,41.47905 
53 ,9.5595 ,0.68986 ,4.21369 ,41.34473 
54 ,9.7516 ,0.69173 ,4.21027 ,41.31115 
55 ,9.9437 ,0.69361 ,4.18631 ,41.07611 
56 ,10.1197 ,0.69543 ,4.16578 ,40.87464 
57 ,10.2957 ,0.69718 ,4.14183 ,40.63959 
58 ,10.4718 ,0.69904 ,4.14183 ,40.63959 
59 ,10.6320 ,0.70069 ,4.13498 ,40.57243 
60 ,10.8080 ,0.70234 ,4.11445 ,40.37096 
61 ,10.9841 ,0.70407 ,4.10076 ,40.23665 
62 ,11.1602 ,0.70584 ,4.06312 ,39.86729 
63 ,11.3363 ,0.70763 ,4.05285 ,39.76655 
64 ,11.5282 ,0.70945 ,4.04600 ,39.69940 
65 ,11.7044 ,0.71129 ,4.03574 ,39.59866 
66 ,11.8805 ,0.71302 ,4.01520 ,39.39719 
67 ,12.0564 ,0.71486 ,4.00152 ,39.26288 
68 ,12.2326 ,0.71658 ,3.98783 ,39.12856 
69 ,12.4245 ,0.71840 ,3.95361 ,38.79278 
70 ,12.6005 ,0.72031 ,3.92281 ,38.49058 
71 ,12.7768 ,0.72200 ,3.92623 ,38.52415 
72 ,12.9529 ,0.72375 ,3.90227 ,38.28911 
73 ,13.1449 ,0.72559 ,3.90227 ,38.28911 
74 ,13.3209 ,0.72741 ,3.87832 ,38.05406 
75 ,13.5132 ,0.72930 ,3.86121 ,37.88617 
76 ,13.6892 ,0.73115 ,3.86463 ,37.91975 
77 ,13.8653 ,0.73290 ,3.84067 ,37.68470 
78 ,14.0413 ,0.73465 ,3.82014 ,37.48323 
79 ,14.2174 ,0.73642 ,3.79961 ,37.28176 
80 ,14.3933 ,0.73814 ,3.78250 ,37.11387 
81 ,14.5694 ,0.73991 ,3.76539 ,36.94597 
82 ,14.7614 ,0.74176 ,3.75170 ,36.81166 
83 ,14.9377 ,0.74360 ,3.73459 ,36.64377 
84 ,15.1297 ,0.74547 ,3.72432 ,36.54303 
85 ,15.3058 ,0.74732 ,3.70721 ,36.37514 
86 ,15.4819 ,0.74910 ,3.67641 ,36.07294 
87 ,15.6580 ,0.75077 ,3.65930 ,35.90505 
88 ,15.8500 ,0.75270 ,3.65588 ,35.87147 
89 ,16.0263 ,0.75452 ,3.62508 ,35.56926 
90 ,16.2021 ,0.75628 ,3.61139 ,35.43495 
91 ,16.3783 ,0.75806 ,3.59770 ,35.30064 
92 ,16.5543 ,0.75975 ,3.58401 ,35.16632 
93 ,16.7304 ,0.76151 ,3.57717 ,35.09917 
94 ,16.9224 ,0.76335 ,3.55321 ,34.86412 
95 ,17.1145 ,0.76526 ,3.54979 ,34.83054 
96 ,17.3066 ,0.76730 ,3.53952 ,34.72981 
97 ,17.4827 ,0.76904 ,3.51215 ,34.46118 
98 ,17.6587 ,0.77081 ,3.48477 ,34.19255 
99 ,17.8348 ,0.77253 ,3.46766 ,34.02466 
100 ,18.0110 ,0.77434 ,3.47108 ,34.05824 
101 ,18.1869 ,0.77613 ,3.43001 ,33.65530 
102 ,18.3631 ,0.77782 ,3.43001 ,33.65530 
103 ,18.5551 ,0.77966 ,3.41633 ,33.52099 
104 ,18.7312 ,0.78153 ,3.40606 ,33.42025 
105 ,18.9075 ,0.78332 ,3.39579 ,33.31952 
106 ,19.0833 ,0.78504 ,3.36157 ,32.98374 
107 ,19.2595 ,0.78677 ,3.34446 ,32.81584 
108 ,19.4515 ,0.78867 ,3.33762 ,32.74869 
109 ,19.6275 ,0.79049 ,3.32735 ,32.64795 
110 ,19.8037 ,0.79221 ,3.30682 ,32.44648 
111 ,19.9796 ,0.79396 ,3.26917 ,32.07712 
112 ,20.1559 ,0.79578 ,3.25548 ,31.94281 
113 ,20.3317 ,0.79753 ,3.24522 ,31.84207 
114 ,20.5082 ,0.79937 ,3.22468 ,31.64060 
115 ,20.6839 ,0.80101 ,3.21784 ,31.57345 
116 ,20.8600 ,0.80287 ,3.20757 ,31.47271 
117 ,21.0361 ,0.80459 ,3.18020 ,31.20409 
118 ,21.2122 ,0.80636 ,3.17335 ,31.13693 
119 ,21.3883 ,0.80807 ,3.15624 ,30.96904 
120 ,21.5643 ,0.80983 ,3.14940 ,30.90188 
121 ,21.7405 ,0.81158 ,3.13571 ,30.76757 
122 ,21.9166 ,0.81337 ,3.10491 ,30.46536 
123 ,22.1087 ,0.81523 ,3.11175 ,30.53252 
124 ,22.3007 ,0.81714 ,3.06726 ,30.09600 
125 ,22.4768 ,0.81893 ,3.04331 ,29.86095 
126 ,22.6527 ,0.82071 ,3.03989 ,29.82737 
127 ,22.8290 ,0.82250 ,3.02620 ,29.69306 
128 ,23.0210 ,0.82432 ,3.00224 ,29.45801 
129 ,23.2132 ,0.82627 ,3.00224 ,29.45801 
130 ,23.3731 ,0.82807 ,2.98513 ,29.29012 
131 ,23.5492 ,0.82968 ,2.97144 ,29.15581 
132 ,23.7412 ,0.83152 ,2.94064 ,28.85360 
133 ,23.9175 ,0.83339 ,2.92353 ,28.68571 
134 ,24.0933 ,0.83518 ,2.92353 ,28.68571 
135 ,24.2855 ,0.83697 ,2.89616 ,28.41709 
136 ,24.4616 ,0.83881 ,2.86536 ,28.11488 
137 ,24.6377 ,0.84057 ,2.85167 ,27.98057 
138 ,24.8137 ,0.84232 ,2.84482 ,27.91341 
139 ,24.9897 ,0.84407 ,2.82771 ,27.74552 
140 ,25.1658 ,0.84583 ,2.81745 ,27.64479 
141 ,25.3579 ,0.84773 ,2.79349 ,27.40974 
142 ,25.5501 ,0.84962 ,2.79349 ,27.40974 
143 ,25.7262 ,0.85148 ,2.77980 ,27.27542 
144 ,25.9023 ,0.85324 ,2.75243 ,27.00680 
145 ,26.0784 ,0.85499 ,2.72847 ,26.77175 
146 ,26.2543 ,0.85674 ,2.71136 ,26.60386 
147 ,26.4305 ,0.85857 ,2.71478 ,26.63744 
148 ,26.6065 ,0.86028 ,2.70109 ,26.50312 
149 ,26.7827 ,0.86200 ,2.67714 ,26.26807 
150 ,26.9587 ,0.86379 ,2.64634 ,25.96587 
151 ,27.1346 ,0.86553 ,2.64292 ,25.93229 
152 ,27.3109 ,0.86725 ,2.62581 ,25.76440 
153 ,27.5029 ,0.86913 ,2.60869 ,25.59651 
154 ,27.6789 ,0.87093 ,2.58816 ,25.39504 
155 ,27.8550 ,0.87273 ,2.56421 ,25.15999 
156 ,28.0311 ,0.87448 ,2.57105 ,25.22715 
157 ,28.2069 ,0.87627 ,2.56421 ,25.15999 
158 ,28.3830 ,0.87796 ,2.52998 ,24.82421 
159 ,28.5751 ,0.87985 ,2.51287 ,24.65632 
160 ,28.7513 ,0.88169 ,2.51287 ,24.65632 
161 ,28.9274 ,0.88344 ,2.49576 ,24.48842 
162 ,29.1033 ,0.88516 ,2.46839 ,24.21980 
163 ,29.2795 ,0.88698 ,2.45127 ,24.05191 
164 ,29.4554 ,0.88872 ,2.43074 ,23.85044 
165 ,29.6317 ,0.89058 ,2.43074 ,23.85044 
166 ,29.8079 ,0.89226 ,2.42048 ,23.74970 
167 ,29.9837 ,0.89399 ,2.40336 ,23.58181 
168 ,30.1598 ,0.89578 ,2.36914 ,23.24603 
169 ,30.3359 ,0.89749 ,2.36914 ,23.24603 
170 ,30.5120 ,0.89928 ,2.34519 ,23.01098 
171 ,30.7041 ,0.90115 ,2.33834 ,22.94382 
172 ,30.8803 ,0.90299 ,2.31097 ,22.67520 
173 ,31.0562 ,0.90476 ,2.28701 ,22.44015 
174 ,31.2323 ,0.90648 ,2.29043 ,22.47373 
175 ,31.4243 ,0.90832 ,2.26990 ,22.27226 
176 ,31.6004 ,0.91013 ,2.25279 ,22.10437 
177 ,31.7766 ,0.91198 ,2.24594 ,22.03721 
178 ,31.9525 ,0.91367 ,2.21857 ,21.76858 
179 ,32.1447 ,0.91549 ,2.21515 ,21.73500 
180 ,32.3205 ,0.91744 ,2.19119 ,21.49996 
181 ,32.4806 ,0.91908 ,2.18092 ,21.39922 
182 ,32.6407 ,0.92068 ,2.16381 ,21.23133 
183 ,32.8168 ,0.92230 ,2.16039 ,21.19775 
184 ,32.9929 ,0.92405 ,2.14328 ,21.02986 
185 ,33.1690 ,0.92584 ,2.12275 ,20.82839 
186 ,33.3451 ,0.92757 ,2.10906 ,20.69408 
187 ,33.5213 ,0.92938 ,2.10906 ,20.69408 
188 ,33.6973 ,0.93112 ,2.06799 ,20.29114 
189 ,33.8734 ,0.93286 ,2.06799 ,20.29114 
190 ,34.0495 ,0.93466 ,2.05773 ,20.19040 
191 ,34.2415 ,0.93649 ,2.02350 ,19.85462 
192 ,34.4176 ,0.93836 ,1.99955 ,19.61957 
193 ,34.5937 ,0.94005 ,2.00297 ,19.65315 
194 ,34.7696 ,0.94184 ,1.99955 ,19.61957 
195 ,34.9297 ,0.94353 ,1.97902 ,19.41810 
196 ,35.1058 ,0.94525 ,1.98244 ,19.45168 
197 ,35.2819 ,0.94699 ,1.93795 ,19.01516 
198 ,35.4580 ,0.94874 ,1.93111 ,18.94801 
199 ,35.6501 ,0.95056 ,1.92426 ,18.88085 
200 ,35.8262 ,0.95241 ,1.90715 ,18.71296 
201 ,36.0023 ,0.95416 ,1.89004 ,18.54507 
202 ,36.1783 ,0.95594 ,1.86266 ,18.27644 
203 ,36.3544 ,0.95766 ,1.84897 ,18.14213 
204 ,36.5304 ,0.95944 ,1.85240 ,18.17570 
205 ,36.7225 ,0.96130 ,1.81475 ,17.80634 
206 ,36.8986 ,0.96314 ,1.80791 ,17.73919 
207 ,37.0907 ,0.96497 ,1.80449 ,17.70561 
208 ,37.2670 ,0.96677 ,1.77026 ,17.36983 
209 ,37.4428 ,0.96856 ,1.76684 ,17.33625 
210 ,37.6190 ,0.97032 ,1.74289 ,17.10120 
211 ,37.7949 ,0.97204 ,1.73604 ,17.03404 
212 ,37.9710 ,0.97384 ,1.72235 ,16.89973 
213 ,38.1631 ,0.97569 ,1.70524 ,16.73184 
214 ,38.3392 ,0.97752 ,1.68471 ,16.53037 
215 ,38.5152 ,0.97923 ,1.69155 ,16.59752 
216 ,38.6913 ,0.98104 ,1.66760 ,16.36248 
217 ,38.8674 ,0.98283 ,1.66075 ,16.29532 
218 ,39.0434 ,0.98455 ,1.63680 ,16.06027 
219 ,39.2355 ,0.98640 ,1.61284 ,15.82522 
220 ,39.4117 ,0.98824 ,1.61627 ,15.85880 
221 ,39.5877 ,0.99007 ,1.57520 ,15.45586 
222 ,39.7638 ,0.99179 ,1.58547 ,15.55660 
223 ,39.9558 ,0.99359 ,1.57178 ,15.42228 
224 ,40.1319 ,0.99545 ,1.55809 ,15.28797 
225 ,40.3240 ,0.99727 ,1.53071 ,15.01934 
226 ,40.4999 ,0.99914 ,1.51018 ,14.81787 
227 ,40.6921 ,1.00095 ,1.51360 ,14.85145 
228 ,40.8842 ,1.00289 ,1.46569 ,14.38136 
229 ,41.0602 ,1.00472 ,1.45885 ,14.31420 
230 ,41.2362 ,1.00652 ,1.45200 ,14.24704 
231 ,41.4283 ,1.00835 ,1.44516 ,14.17989 
232 ,41.6045 ,1.01022 ,1.43489 ,14.07915 
233 ,41.7804 ,1.01198 ,1.41778 ,13.91126 
234 ,41.9566 ,1.01370 ,1.39383 ,13.67621 
235 ,42.1325 ,1.01544 ,1.39383 ,13.67621 
236 ,42.3087 ,1.01721 ,1.38698 ,13.60906 
237 ,42.5008 ,1.01905 ,1.36645 ,13.40759 
238 ,42.6768 ,1.02089 ,1.33907 ,13.13896 
239 ,42.8529 ,1.02271 ,1.34934 ,13.23969 
240 ,43.0289 ,1.02441 ,1.32538 ,13.00465 
241 ,43.1890 ,1.02612 ,1.29800 ,12.73602 
242 ,43.3651 ,1.02778 ,1.29458 ,12.70244 
243 ,43.5411 ,1.02960 ,1.27747 ,12.53455 
244 ,43.7175 ,1.03131 ,1.25009 ,12.26592 
245 ,43.8934 ,1.03303 ,1.25352 ,12.29950 
246 ,44.0693 ,1.03481 ,1.23641 ,12.13161 
247 ,44.2453 ,1.03660 ,1.22614 ,12.03088 
248 ,44.4215 ,1.03833 ,1.20218 ,11.79583 
249 ,44.6137 ,1.04018 ,1.19876 ,11.76225 
250 ,44.7897 ,1.04204 ,1.18165 ,11.59436 
251 ,44.9656 ,1.04374 ,1.15427 ,11.32573 
252 ,45.1418 ,1.04549 ,1.13716 ,11.15784 
253 ,45.3338 ,1.04736 ,1.14743 ,11.25857 
254 ,45.5100 ,1.04924 ,1.13374 ,11.12426 
255 ,45.7021 ,1.05106 ,1.10294 ,10.82206 
256 ,45.8782 ,1.05288 ,1.08925 ,10.68774 
257 ,46.0540 ,1.05469 ,1.09267 ,10.72132 
258 ,46.2303 ,1.05641 ,1.08583 ,10.65416 
259 ,46.4224 ,1.05827 ,1.04476 ,10.25123 
260 ,46.6144 ,1.06017 ,1.05503 ,10.35196 
261 ,46.7905 ,1.06208 ,1.01396 ,9.94902 
262 ,46.9666 ,1.06374 ,1.02081 ,10.01618 
263 ,47.1426 ,1.06553 ,1.00028 ,9.81471 
264 ,47.3188 ,1.06731 ,0.98659 ,9.68039 
265 ,47.5109 ,1.06918 ,0.99001 ,9.71397 
266 ,47.7029 ,1.07107 ,0.95579 ,9.37819 
267 ,47.8790 ,1.07291 ,0.94210 ,9.24388 
268 ,48.0550 ,1.07463 ,0.93868 ,9.21030 
269 ,48.2311 ,1.07641 ,0.92157 ,9.04241 
270 ,48.4231 ,1.07826 ,0.90446 ,8.87451 
271 ,48.6153 ,1.08015 ,0.89419 ,8.77378 
272 ,48.7912 ,1.08199 ,0.88392 ,8.67305 
273 ,48.9673 ,1.08374 ,0.86339 ,8.47158 
274 ,49.1435 ,1.08551 ,0.83259 ,8.16937 
275 ,49.3355 ,1.08741 ,0.84628 ,8.30368 
276 ,49.5117 ,1.08928 ,0.81548 ,8.00148 
277 ,49.6876 ,1.09100 ,0.81890 ,8.03506 
278 ,49.8638 ,1.09270 ,0.79152 ,7.76643 
279 ,50.0559 ,1.09455 ,0.79495 ,7.80001 
280 ,50.2318 ,1.09639 ,0.78468 ,7.69927 
281 ,50.4079 ,1.09820 ,0.76415 ,7.49780 
282 ,50.5841 ,1.09990 ,0.72992 ,7.16202 
283 ,50.7602 ,1.10168 ,0.71966 ,7.06129 
284 ,50.9521 ,1.10360 ,0.72308 ,7.09486 
285 ,51.1444 ,1.10545 ,0.69570 ,6.82624 
286 ,51.3364 ,1.10736 ,0.69913 ,6.85982 
287 ,51.5285 ,1.10932 ,0.66833 ,6.55761 
288 ,51.7205 ,1.11121 ,0.66490 ,6.52403 
289 ,51.8966 ,1.11308 ,0.64779 ,6.35614 
290 ,52.0725 ,1.11487 ,0.62384 ,6.12109 
291 ,52.2487 ,1.11656 ,0.63068 ,6.18825 
292 ,52.4408 ,1.11841 ,0.59988 ,5.88605 
293 ,52.6330 ,1.12031 ,0.59988 ,5.88605 
294 ,52.8089 ,1.12217 ,0.57935 ,5.68458 
295 ,52.9850 ,1.12395 ,0.56908 ,5.58384 
296 ,53.1613 ,1.12571 ,0.55882 ,5.48311 
297 ,53.3532 ,1.12759 ,0.53486 ,5.24806 
298 ,53.5454 ,1.12942 ,0.52459 ,5.14732 
299 ,53.7374 ,1.13135 ,0.52802 ,5.18090 
300 ,53.9293 ,1.13331 ,0.49380 ,4.84512 
301 ,54.1213 ,1.13522 ,0.47668 ,4.67723 
302 ,54.2976 ,1.13707 ,0.47326 ,4.64365 
303 ,54.4737 ,1.13888 ,0.45957 ,4.50934 
304 ,54.6497 ,1.14060 ,0.43904 ,4.30787 
305 ,54.8418 ,1.14245 ,0.44246 ,4.34144 
306 ,55.0338 ,1.14431 ,0.41851 ,4.10640 
307 ,55.2258 ,1.14624 ,0.40824 ,4.00566 
308 ,55.4021 ,1.14807 ,0.39455 ,3.87135 
309 ,55.5781 ,1.14987 ,0.39113 ,3.83777 
310 ,55.7541 ,1.15157 ,0.39113 ,3.83777 
311 ,55.9303 ,1.15338 ,0.36375 ,3.56914 
312 ,56.1223 ,1.15522 ,0.36718 ,3.60272 
313 ,56.3143 ,1.15717 ,0.35691 ,3.50199 
314 ,56.4904 ,1.15899 ,0.33295 ,3.26694 
315 ,56.6664 ,1.16074 ,0.32611 ,3.19978 
316 ,56.8426 ,1.16249 ,0.29189 ,2.86400 
317 ,57.0347 ,1.16434 ,0.30215 ,2.96473 
318 ,57.2266 ,1.16622 ,0.27820 ,2.72969 
319 ,57.4026 ,1.16816 ,0.27135 ,2.66253 
320 ,57.5789 ,1.16983 ,0.25767 ,2.52822 
321 ,57.7550 ,1.17166 ,0.24740 ,2.42748 
322 ,57.9310 ,1.17333 ,0.23029 ,2.25959 
323 ,58.1072 ,1.17507 ,0.21660 ,2.12528 
324 ,58.2991 ,1.17698 ,0.21318 ,2.09170 
325 ,58.4912 ,1.17889 ,0.19949 ,1.95738 
326 ,58.6674 ,1.18072 ,0.16527 ,1.62160 
327 ,58.8592 ,1.18259 ,0.16185 ,1.58802 
328 ,59.0515 ,1.18448 ,0.15500 ,1.52087 
329 ,59.3715 ,1.18703 ,0.13447 ,1.31940 
330 ,59.5477 ,1.18961 ,0.12078 ,1.18508 
331 ,59.7236 ,1.19129 ,0.09340 ,0.91646 
332 ,59.9157 ,1.19313 ,0.11051 ,1.08435 
333 ,60.0919 ,1.19498 ,0.08656 ,0.84930 
334 ,60.2679 ,1.19673 ,0.06602 ,0.64783 
335 ,60.4599 ,1.19856 ,0.06602 ,0.64783 
336 ,60.6361 ,1.20037 ,0.05918 ,0.58067 
337 ,60.8120 ,1.20215 ,0.03522 ,0.34563 
338 ,60.9883 ,1.20390 ,0.01127 ,0.11058 
339 ,61.1802 ,1.20578 ,0.01469 ,0.14416 
340 ,61.3563 ,1.20763 ,0.00100 ,0.00984 
341 ,61.5325 ,1.20939 ,-0.01953 ,-0.19163 
342 ,61.7245 ,1.21120 ,-0.03322 ,-0.32594 
343 ,61.9005 ,1.21305 ,-0.04691 ,-0.46025 
344 ,62.0767 ,1.21483 ,-0.04006 ,-0.39310 
345 ,62.2526 ,1.21655 ,-0.04691 ,-0.46025 
346 ,62.4287 ,1.21831 ,-0.08797 ,-0.86319 
347 ,62.5888 ,1.22008 ,-0.09140 ,-0.89677 
348 ,62.7488 ,1.22164 ,-0.10851 ,-1.06466 
349 ,62.9248 ,1.22334 ,-0.10166 ,-0.99751 
350 ,63.1009 ,1.22506 ,-0.12562 ,-1.23255 
351 ,63.2770 ,1.22681 ,-0.12219 ,-1.19898 
352 ,63.4372 ,1.22850 ,-0.14273 ,-1.40045 
353 ,63.6133 ,1.23019 ,-0.14273 ,-1.40045 
354 ,63.7734 ,1.23190 ,-0.15299 ,-1.50118 
355 ,63.9494 ,1.23357 ,-0.17011 ,-1.66907 
356 ,64.1415 ,1.23538 ,-0.16326 ,-1.60191 
357 ,64.3337 ,1.23728 ,-0.18379 ,-1.80338 
358 ,64.5256 ,1.23918 ,-0.20090 ,-1.97128 
359 ,64.7017 ,1.24104 ,-0.21802 ,-2.13917 
360 ,64.8779 ,1.24283 ,-0.20775 ,-2.03843 
361 ,65.0540 ,1.24453 ,-0.21459 ,-2.10559 
362 ,65.2300 ,1.24633 ,-0.23513 ,-2.30706 
363 ,65.4061 ,1.24813 ,-0.25908 ,-2.54211 
364 ,65.5821 ,1.24984 ,-0.27277 ,-2.67642 
365 ,65.7582 ,1.25163 ,-0.26250 ,-2.57569 
366 ,65.9505 ,1.25353 ,-0.29673 ,-2.91147 
367 ,66.1424 ,1.25538 ,-0.28988 ,-2.84431 
368 ,66.3345 ,1.25729 ,-0.29673 ,-2.91147 
369 ,66.5105 ,1.25914 ,-0.31726 ,-3.11294 
370 ,66.6865 ,1.26092 ,-0.33095 ,-3.24725 
371 ,66.8626 ,1.26262 ,-0.34806 ,-3.41514 
372 ,67.0546 ,1.26452 ,-0.35490 ,-3.48230 
373 ,67.2468 ,1.26640 ,-0.37201 ,-3.65019 
374 ,67.4229 ,1.26828 ,-0.36859 ,-3.61661 
375 ,67.6149 ,1.27006 ,-0.37886 ,-3.71735 
376 ,67.7911 ,1.27191 ,-0.39597 ,-3.88524 
377 ,67.9830 ,1.27377 ,-0.40623 ,-3.98597 
378 ,68.1591 ,1.27558 ,-0.40623 ,-3.98597 
379 ,68.3352 ,1.27734 ,-0.42677 ,-4.18744 
380 ,68.5112 ,1.27914 ,-0.43703 ,-4.28818 
381 ,68.6872 ,1.28093 ,-0.45072 ,-4.42249 
382 ,68.8635 ,1.28265 ,-0.47126 ,-4.62396 
383 ,69.0394 ,1.28443 ,-0.46441 ,-4.55681 
384 ,69.2157 ,1.28621 ,-0.47468 ,-4.65754 
385 ,69.3915 ,1.28797 ,-0.49521 ,-4.85901 
386 ,69.5677 ,1.28967 ,-0.50890 ,-4.99332 
387 ,69.7437 ,1.29151 ,-0.49863 ,-4.89259 
388 ,69.9198 ,1.29325 ,-0.50548 ,-4.95975 
389 ,70.0958 ,1.29492 ,-0.50890 ,-4.99332 
390 ,70.2720 ,1.29674 ,-0.53628 ,-5.26195 
391 ,70.4482 ,1.29846 ,-0.55339 ,-5.42984 
392 ,70.6241 ,1.30026 ,-0.57050 ,-5.59773 
393 ,70.7841 ,1.30198 ,-0.56365 ,-5.53058 
394 ,70.9443 ,1.30355 ,-0.57392 ,-5.63131 
395 ,71.1205 ,1.30521 ,-0.58419 ,-5.73205 
396 ,71.2964 ,1.30699 ,-0.59103 ,-5.79920 
397 ,71.4725 ,1.30871 ,-0.60472 ,-5.93352 
398 ,71.6324 ,1.31046 ,-0.61499 ,-6.03425 
399 ,71.8086 ,1.31212 ,-0.62868 ,-6.16856 
400 ,71.9847 ,1.31384 ,-0.63552 ,-6.23572 
401 ,72.1608 ,1.31562 ,-0.65263 ,-6.40361 
402 ,72.3528 ,1.31747 ,-0.65605 ,-6.43719 
403 ,72.5289 ,1.31929 ,-0.67316 ,-6.60508 
404 ,72.7212 ,1.32111 ,-0.65605 ,-6.43719 
405 ,72.8971 ,1.32302 ,-0.68343 ,-6.70582 
406 ,73.0731 ,1.32474 ,-0.68685 ,-6.73940 
407 ,73.2651 ,1.32657 ,-0.69712 ,-6.84013 
408 ,73.4573 ,1.32847 ,-0.70054 ,-6.87371 
409 ,73.6334 ,1.33033 ,-0.71081 ,-6.97444 
410 ,73.8253 ,1.33216 ,-0.72792 ,-7.14233 
411 ,74.0016 ,1.33400 ,-0.74503 ,-7.31023 
412 ,74.1775 ,1.33581 ,-0.74161 ,-7.27665 
413 ,74.3696 ,1.33770 ,-0.76556 ,-7.51170 
414 ,74.5617 ,1.33954 ,-0.78267 ,-7.67959 
415 ,74.7539 ,1.34148 ,-0.78610 ,-7.71317 
416 ,74.9459 ,1.34336 ,-0.78952 ,-7.74674 
417 ,75.1219 ,1.34528 ,-0.78952 ,-7.74674 
418 ,75.2980 ,1.34701 ,-0.79978 ,-7.84748 
419 ,75.4900 ,1.34881 ,-0.82374 ,-8.08253 
420 ,75.6661 ,1.35062 ,-0.82032 ,-8.04895 
421 ,75.8421 ,1.35239 ,-0.82032 ,-8.04895 
422 ,76.0184 ,1.35419 ,-0.81347 ,-7.98179 
423 ,76.1944 ,1.35596 ,-0.82716 ,-8.11611 
424 ,76.3704 ,1.35767 ,-0.82374 ,-8.08253 
425 ,76.5625 ,1.35954 ,-0.83058 ,-8.14968 
426 ,76.7387 ,1.36137 ,-0.83743 ,-8.21684 
427 ,76.9147 ,1.36312 ,-0.84769 ,-8.31758 
428 ,77.0906 ,1.36491 ,-0.86481 ,-8.48547 
429 ,77.2826 ,1.36674 ,-0.85796 ,-8.41831 
430 ,77.4589 ,1.36856 ,-0.86823 ,-8.51904 
431 ,77.6349 ,1.37032 ,-0.88534 ,-8.68694 
432 ,77.8110 ,1.37210 ,-0.88876 ,-8.72051 
433 ,77.9870 ,1.37385 ,-0.91272 ,-8.95556 
434 ,78.1632 ,1.37558 ,-0.91956 ,-9.02272 
435 ,78.3552 ,1.37745 ,-0.92298 ,-9.05630 
436 ,78.5312 ,1.37934 ,-0.95036 ,-9.32492 
437 ,78.7233 ,1.38114 ,-0.94694 ,-9.29135 
438 ,78.9154 ,1.38305 ,-0.94351 ,-9.25777 
439 ,79.0915 ,1.38493 ,-0.97431 ,-9.55997 
440 ,79.2514 ,1.38660 ,-0.96747 ,-9.49282 
441 ,79.4436 ,1.38834 ,-0.98458 ,-9.66071 
442 ,79.6198 ,1.39017 ,-0.99827 ,-9.79502 
443 ,79.7958 ,1.39191 ,-0.99143 ,-9.72786 
444 ,79.9718 ,1.39369 ,-0.99485 ,-9.76144 
445 ,80.1639 ,1.39552 ,-1.01880 ,-9.99649 
446 ,80.3401 ,1.39737 ,-1.02565 ,-10.06365 
447 ,80.5323 ,1.39921 ,-1.03934 ,-10.19796 
448 ,80.7083 ,1.40108 ,-1.04276 ,-10.23154 
449 ,80.9002 ,1.40290 ,-1.04960 ,-10.29869 
450 ,81.0764 ,1.40472 ,-1.06329 ,-10.43301 
451 ,81.2523 ,1.40654 ,-1.07356 ,-10.53374 
452 ,81.4445 ,1.40832 ,-1.09067 ,-10.70163 
453 ,81.6207 ,1.41019 ,-1.08725 ,-10.66806 
454 ,81.7966 ,1.41193 ,-1.08725 ,-10.66806 
455 ,81.9887 ,1.41379 ,-1.11805 ,-10.97026 
456 ,82.1648 ,1.41564 ,-1.11120 ,-10.90310 
457 ,82.3409 ,1.41737 ,-1.12831 ,-11.07100 
458 ,82.5170 ,1.41915 ,-1.12831 ,-11.07100 
459 ,82.6929 ,1.42091 ,-1.15911 ,-11.37320 
460 ,82.8692 ,1.42268 ,-1.14542 ,-11.23889 
461 ,83.0613 ,1.42453 ,-1.15227 ,-11.30604 
462 ,83.2533 ,1.42641 ,-1.15569 ,-11.33962 
463 ,83.4292 ,1.42824 ,-1.16253 ,-11.40678 
464 ,83.6054 ,1.43004 ,-1.17622 ,-11.54109 
465 ,83.7814 ,1.43183 ,-1.18307 ,-11.60825 
466 ,83.9575 ,1.43356 ,-1.19676 ,-11.74256 
467 ,84.1335 ,1.43534 ,-1.21387 ,-11.91045 
468 ,84.3257 ,1.43712 ,-1.22413 ,-12.01119 
469 ,84.5017 ,1.43897 ,-1.22413 ,-12.01119 
470 ,84.6938 ,1.44081 ,-1.22071 ,-11.97761 
471 ,84.8859 ,1.44270 ,-1.23782 ,-12.14550 
472 ,85.0618 ,1.44463 ,-1.24124 ,-12.17908 
473 ,85.2219 ,1.44630 ,-1.24124 ,-12.17908 
474 ,85.3981 ,1.44791 ,-1.25835 ,-12.34697 
475 ,85.5741 ,1.44974 ,-1.28231 ,-12.58202 
476 ,85.7502 ,1.45145 ,-1.26862 ,-12.44771 
477 ,85.9263 ,1.45321 ,-1.29942 ,-12.74991 
478 ,86.1023 ,1.45503 ,-1.28573 ,-12.61560 
479 ,86.2782 ,1.45674 ,-1.28573 ,-12.61560 
480 ,86.4545 ,1.45846 ,-1.29600 ,-12.71633 
481 ,86.6305 ,1.46022 ,-1.31311 ,-12.88422 
482 ,86.8226 ,1.46210 ,-1.32338 ,-12.98496 
483 ,87.0147 ,1.46400 ,-1.33022 ,-13.05212 
484 ,87.1906 ,1.46592 ,-1.33706 ,-13.11927 
485 ,87.3829 ,1.46767 ,-1.35075 ,-13.25359 
486 ,87.5428 ,1.46949 ,-1.35417 ,-13.28716 
487 ,87.7192 ,1.47115 ,-1.37129 ,-13.45506 
488 ,87.8950 ,1.47295 ,-1.38840 ,-13.62295 
489 ,88.0712 ,1.47464 ,-1.38497 ,-13.58937 
490 ,88.2472 ,1.47640 ,-1.38840 ,-13.62295 
491 ,88.4231 ,1.47824 ,-1.39182 ,-13.65653 
492 ,88.6152 ,1.48000 ,-1.39524 ,-13.69010 
493 ,88.7752 ,1.48182 ,-1.40551 ,-13.79084 
494 ,88.9513 ,1.48346 ,-1.43288 ,-14.05946 
495 ,89.1274 ,1.48521 ,-1.43631 ,-14.09304 
496 ,89.3036 ,1.48697 ,-1.44315 ,-14.16020 
497 ,89.4796 ,1.48873 ,-1.44315 ,-14.16020 
498 ,89.6557 ,1.49045 ,-1.45342 ,-14.26093 
499 ,89.8319 ,1.49232 ,-1.48080 ,-14.52956 
500 ,90.0079 ,1.49404 ,-1.47395 ,-14.46240 
501 ,90.1840 ,1.49576 ,-1.48764 ,-14.59672 
502 ,90.3600 ,1.49752 ,-1.49791 ,-14.69745 
503 ,90.5521 ,1.49939 ,-1.49791 ,-14.69745 
504 ,90.7442 ,1.50128 ,-1.52186 ,-14.93250 
505 ,90.9363 ,1.50322 ,-1.50817 ,-14.79819 
506 ,91.1123 ,1.50510 ,-1.52186 ,-14.93250 
507 ,91.2725 ,1.50678 ,-1.53213 ,-15.03324 
508 ,91.4485 ,1.50842 ,-1.55266 ,-15.23471 
509 ,91.6406 ,1.51028 ,-1.53897 ,-15.10039 
510 ,91.8167 ,1.51210 ,-1.55266 ,-15.23471 
511 ,91.9767 ,1.51380 ,-1.56293 ,-15.33544 
512 ,92.1529 ,1.51546 ,-1.56635 ,-15.36902 
513 ,92.3289 ,1.51723 ,-1.57662 ,-15.46975 
514 ,92.5048 ,1.51893 ,-1.60057 ,-15.70480 
515 ,92.6969 ,1.52078 ,-1.59030 ,-15.60407 
516 ,92.8730 ,1.52264 ,-1.59373 ,-15.63764 
517 ,93.0651 ,1.52449 ,-1.61768 ,-15.87269 
518 ,93.2412 ,1.52631 ,-1.63479 ,-16.04058 
519 ,93.4333 ,1.52816 ,-1.62795 ,-15.97343 
520 ,93.6253 ,1.53010 ,-1.64848 ,-16.17490 
521 ,93.8015 ,1.53201 ,-1.62795 ,-15.97343 
522 ,93.9775 ,1.53370 ,-1.65190 ,-16.20848 
523 ,94.1537 ,1.53549 ,-1.66217 ,-16.30921 
524 ,94.3457 ,1.53728 ,-1.66559 ,-16.34279 
525 ,94.5217 ,1.53919 ,-1.65875 ,-16.27563 
526 ,94.7139 ,1.54097 ,-1.66559 ,-16.34279 
527 ,94.8899 ,1.54281 ,-1.68270 ,-16.51068 
528 ,95.0660 ,1.54454 ,-1.69639 ,-16.64499 
529 ,95.2420 ,1.54632 ,-1.70666 ,-16.74573 
530 ,95.4181 ,1.54810 ,-1.69981 ,-16.67857 
531 ,95.5942 ,1.54980 ,-1.70666 ,-16.74573 
532 ,95.7862 ,1.55168 ,-1.72719 ,-16.94720 
533 ,95.9623 ,1.55354 ,-1.74430 ,-17.11509 
534 ,96.1224 ,1.55524 ,-1.73404 ,-17.01436 
535 ,96.2983 ,1.55690 ,-1.75457 ,-17.21582 
536 ,96.4905 ,1.55874 ,-1.75457 ,-17.21582 
537 ,96.6826 ,1.56065 ,-1.76141 ,-17.28298 
538 ,96.8587 ,1.56250 ,-1.77852 ,-17.45087 
539 ,97.0348 ,1.56421 ,-1.77510 ,-17.41729 
540 ,97.2108 ,1.56597 ,-1.76826 ,-17.35014 
541 ,97.3868 ,1.56782 ,-1.79906 ,-17.65234 
542 ,97.5631 ,1.56951 ,-1.79906 ,-17.65234 
543 ,97.7392 ,1.57130 ,-1.79906 ,-17.65234 
544 ,97.9151 ,1.57304 ,-1.79906 ,-17.65234 
545 ,98.0911 ,1.57486 ,-1.82643 ,-17.92097 
546 ,98.2671 ,1.57657 ,-1.82301 ,-17.88739 
547 ,98.4434 ,1.57837 ,-1.82643 ,-17.92097 
548 ,98.6195 ,1.58011 ,-1.85723 ,-18.22317 
549 ,98.7794 ,1.58181 ,-1.83670 ,-18.02170 
550 ,98.9556 ,1.58347 ,-1.85723 ,-18.22317 
551 ,99.1316 ,1.58521 ,-1.85039 ,-18.15602 
552 ,99.3236 ,1.58707 ,-1.87434 ,-18.39107 
553 ,99.4997 ,1.58884 ,-1.88461 ,-18.49180 
554 ,99.6598 ,1.59059 ,-1.87434 ,-18.39107 
555 ,99.8359 ,1.59220 ,-1.88119 ,-18.45822 
556 ,100.0118 ,1.59407 ,-1.90172 ,-18.65969 
557 ,100.1880 ,1.59576 ,-1.90514 ,-18.69327 
558 ,100.3642 ,1.59751 ,-1.93252 ,-18.96190 
559 ,100.5561 ,1.59939 ,-1.91199 ,-18.76043 
560 ,100.7322 ,1.60127 ,-1.93594 ,-18.99547 
561 ,100.9083 ,1.60299 ,-1.92910 ,-18.92832 
562 ,101.0844 ,1.60473 ,-1.94621 ,-19.09621 
563 ,101.2764 ,1.60658 ,-1.94279 ,-19.06263 
564 ,101.4525 ,1.60841 ,-1.95648 ,-19.19694 
565 ,101.6446 ,1.61023 ,-1.97359 ,-19.36484 
566 ,101.8208 ,1.61209 ,-1.97016 ,-19.33126 
567 ,101.9808 ,1.61382 ,-1.97701 ,-19.39841 
568 ,102.1406 ,1.61539 ,-1.99070 ,-19.53273 
569 ,102.3169 ,1.61710 ,-1.99754 ,-19.59988 
570 ,102.4928 ,1.61876 ,-1.97701 ,-19.39841 
571 ,102.6851 ,1.62067 ,-1.99412 ,-19.56631 
572 ,102.8612 ,1.62248 ,-1.99754 ,-19.59988 
573 ,103.0371 ,1.62426 ,-2.01465 ,-19.76778 
574 ,103.2132 ,1.62601 ,-1.99412 ,-19.56631 
575 ,103.3893 ,1.62777 ,-2.00096 ,-19.63346 
576 ,103.5653 ,1.62956 ,-2.00781 ,-19.70062 
577 ,103.7415 ,1.63127 ,-2.01808 ,-19.80135 
578 ,103.9175 ,1.63309 ,-2.03176 ,-19.93567 
579 ,104.0936 ,1.63478 ,-2.02150 ,-19.83493 
580 ,104.2697 ,1.63662 ,-2.03176 ,-19.93567 
581 ,104.4456 ,1.63831 ,-2.03519 ,-19.96925 
582 ,104.6220 ,1.64010 ,-2.05572 ,-20.17072 
583 ,104.7978 ,1.64182 ,-2.06256 ,-20.23787 
584 ,104.9740 ,1.64358 ,-2.06256 ,-20.23787 
585 ,105.1662 ,1.64543 ,-2.06941 ,-20.30503 
586 ,105.3420 ,1.64736 ,-2.08652 ,-20.47292 
587 ,105.5342 ,1.64914 ,-2.06941 ,-20.30503 
588 ,105.7104 ,1.65097 ,-2.07967 ,-20.40576 
589 ,105.9023 ,1.65285 ,-2.10021 ,-20.60723 
590 ,106.0944 ,1.65473 ,-2.09679 ,-20.57366 
591 ,106.2705 ,1.65656 ,-2.09336 ,-20.54008 
592 ,106.4465 ,1.65835 ,-2.11390 ,-20.74155 
593 ,106.6226 ,1.66013 ,-2.13785 ,-20.97659 
594 ,106.8148 ,1.66192 ,-2.12416 ,-20.84228 
595 ,106.9907 ,1.66383 ,-2.14470 ,-21.04375 
596 ,107.1670 ,1.66555 ,-2.12758 ,-20.87586 
597 ,107.3590 ,1.66740 ,-2.14470 ,-21.04375 
598 ,107.5511 ,1.66931 ,-2.13785 ,-20.97659 
599 ,107.7432 ,1.67120 ,-2.16181 ,-21.21164 
600 ,107.9193 ,1.67303 ,-2.15496 ,-21.14449 
601 ,108.0953 ,1.67485 ,-2.17892 ,-21.37953 
602 ,108.2713 ,1.67658 ,-2.16523 ,-21.24522 
603 ,108.4473 ,1.67839 ,-2.18234 ,-21.41311 
604 ,108.6233 ,1.68015 ,-2.19603 ,-21.54743 
605 ,108.7995 ,1.68179 ,-2.20629 ,-21.64816 
606 ,108.9916 ,1.68370 ,-2.18576 ,-21.44669 
607 ,109.1677 ,1.68552 ,-2.18918 ,-21.48027 
608 ,109.3438 ,1.68728 ,-2.21314 ,-21.71532 
609 ,109.5199 ,1.68907 ,-2.21656 ,-21.74890 
610 ,109.7119 ,1.69094 ,-2.20972 ,-21.68174 
611 ,109.8879 ,1.69273 ,-2.22341 ,-21.81605 
612 ,110.0640 ,1.69445 ,-2.22683 ,-21.84963 
613 ,110.2401 ,1.69625 ,-2.25078 ,-22.08468 
614 ,110.4321 ,1.69817 ,-2.24394 ,-22.01752 
615 ,110.6081 ,1.69993 ,-2.24394 ,-22.01752 
616 ,110.8003 ,1.70174 ,-2.26105 ,-22.18541 
617 ,110.9764 ,1.70366 ,-2.26447 ,-22.21899 
618 ,111.1525 ,1.70536 ,-2.27474 ,-22.31973 
619 ,111.3445 ,1.70724 ,-2.29527 ,-22.52120 
620 ,111.5207 ,1.70912 ,-2.29527 ,-22.52120 
621 ,111.7127 ,1.71091 ,-2.29185 ,-22.48762 
622 ,111.9048 ,1.71282 ,-2.29527 ,-22.52120 
623 ,112.0807 ,1.71471 ,-2.31580 ,-22.72267 
624 ,112.2409 ,1.71637 ,-2.31923 ,-22.75624 
625 ,112.4168 ,1.71799 ,-2.33634 ,-22.92414 
626 ,112.5931 ,1.71976 ,-2.32265 ,-22.78982 
627 ,112.7852 ,1.72161 ,-2.35003 ,-23.05845 
628 ,112.9611 ,1.72346 ,-2.35687 ,-23.12561 
629 ,113.1531 ,1.72532 ,-2.33976 ,-22.95771 
630 ,113.3292 ,1.72713 ,-2.33976 ,-22.95771 
631 ,113.5213 ,1.72900 ,-2.37056 ,-23.25992 
632 ,113.6973 ,1.73082 ,-2.37740 ,-23.32708 
633 ,113.8736 ,1.73260 ,-2.37398 ,-23.29350 
634 ,114.0495 ,1.73433 ,-2.37056 ,-23.25992 
635 ,114.2257 ,1.73611 ,-2.40136 ,-23.56212 
636 ,114.4018 ,1.73783 ,-2.40136 ,-23.56212 
637 ,114.5778 ,1.73962 ,-2.40136 ,-23.56212 
638 ,114.7538 ,1.74143 ,-2.39794 ,-23.52855 
639 ,114.9459 ,1.74319 ,-2.41847 ,-23.73002 
640 ,115.1220 ,1.74510 ,-2.42874 ,-23.83075 
641 ,115.2820 ,1.74678 ,-2.43558 ,-23.89791 
642 ,115.4580 ,1.74844 ,-2.43900 ,-23.93149 
643 ,115.6342 ,1.75016 ,-2.44242 ,-23.96506 
644 ,115.8104 ,1.75197 ,-2.44242 ,-23.96506 
645 ,115.9862 ,1.75376 ,-2.45611 ,-24.09938 
646 ,116.1625 ,1.75542 ,-2.46980 ,-24.23369 
647 ,116.3543 ,1.75730 ,-2.45953 ,-24.13295 
648 ,116.5307 ,1.75914 ,-2.45953 ,-24.13295 
649 ,116.7066 ,1.76092 ,-2.47322 ,-24.26727 
650 ,116.8828 ,1.76264 ,-2.48691 ,-24.40158 
651 ,117.0588 ,1.76446 ,-2.49718 ,-24.50232 
652 ,117.2348 ,1.76622 ,-2.48691 ,-24.40158 
653 ,117.4269 ,1.76802 ,-2.49718 ,-24.50232 
654 ,117.6030 ,1.76984 ,-2.50060 ,-24.53589 
655 ,117.7790 ,1.77164 ,-2.53482 ,-24.87168 
656 ,117.9550 ,1.77335 ,-2.53140 ,-24.83810 
657 ,118.1311 ,1.77510 ,-2.53482 ,-24.87168 
658 ,118.3072 ,1.77691 ,-2.52798 ,-24.80452 
659 ,118.4993 ,1.77876 ,-2.54509 ,-24.97241 
660 ,118.6754 ,1.78055 ,-2.55193 ,-25.03957 
661 ,118.8514 ,1.78237 ,-2.55536 ,-25.07315 
662 ,119.0275 ,1.78408 ,-2.53140 ,-24.83810 
663 ,119.2035 ,1.78581 ,-2.56562 ,-25.17388 
664 ,119.3796 ,1.78762 ,-2.57589 ,-25.27462 
665 ,119.5718 ,1.78946 ,-2.56904 ,-25.20746 
666 ,119.7318 ,1.79126 ,-2.57589 ,-25.27462 
667 ,119.9079 ,1.79290 ,-2.56904 ,-25.20746 
668 ,120.0840 ,1.79464 ,-2.58615 ,-25.37535 
669 ,120.2600 ,1.79645 ,-2.60669 ,-25.57682 
670 ,120.4201 ,1.79813 ,-2.61695 ,-25.67756 
671 ,120.5962 ,1.79973 ,-2.61695 ,-25.67756 
672 ,120.7723 ,1.80152 ,-2.60669 ,-25.57682 
673 ,120.9644 ,1.80336 ,-2.61353 ,-25.64398 
674 ,121.1405 ,1.80521 ,-2.62038 ,-25.71114 
675 ,121.3165 ,1.80699 ,-2.63749 ,-25.87903 
676 ,121.4926 ,1.80874 ,-2.61353 ,-25.64398 
677 ,121.6687 ,1.81050 ,-2.61011 ,-25.61040 
678 ,121.8447 ,1.81222 ,-2.62380 ,-25.74471 
679 ,122.0208 ,1.81407 ,-2.63407 ,-25.84545 
680 ,122.1968 ,1.81575 ,-2.63407 ,-25.84545 
681 ,122.3888 ,1.81763 ,-2.63064 ,-25.81187 
682 ,122.5650 ,1.81942 ,-2.64433 ,-25.94618 
683 ,122.7570 ,1.82132 ,-2.64775 ,-25.97976 
684 ,122.9332 ,1.82311 ,-2.65118 ,-26.01334 
685 ,123.1093 ,1.82493 ,-2.64433 ,-25.94618 
686 ,123.3012 ,1.82674 ,-2.67171 ,-26.21481 
687 ,123.4774 ,1.82859 ,-2.66829 ,-26.18123 
688 ,123.6532 ,1.83027 ,-2.66144 ,-26.11407 
689 ,123.8295 ,1.83210 ,-2.64775 ,-25.97976 
690 ,123.9895 ,1.83384 ,-2.65118 ,-26.01334 
691 ,124.1656 ,1.83547 ,-2.65118 ,-26.01334 
692 ,124.3416 ,1.83722 ,-2.67513 ,-26.24839 
693 ,124.5337 ,1.83906 ,-2.66486 ,-26.14765 
694 ,124.7098 ,1.84091 ,-2.65460 ,-26.04692 
695 ,124.8859 ,1.84264 ,-2.66829 ,-26.18123 
696 ,125.0619 ,1.84448 ,-2.69224 ,-26.41628 
697 ,125.2381 ,1.84617 ,-2.70593 ,-26.55059 
698 ,125.4142 ,1.84790 ,-2.68540 ,-26.34912 
699 ,125.5902 ,1.84970 ,-2.68882 ,-26.38270 
700 ,125.7663 ,1.85142 ,-2.69224 ,-26.41628 
701 ,125.9423 ,1.85317 ,-2.71962 ,-26.68491 
702 ,126.1185 ,1.85497 ,-2.70935 ,-26.58417 
703 ,126.2945 ,1.85678 ,-2.70935 ,-26.58417 
704 ,126.4707 ,1.85850 ,-2.71278 ,-26.61775 
705 ,126.6626 ,1.86037 ,-2.72989 ,-26.78564 
706 ,126.8387 ,1.86217 ,-2.73331 ,-26.81922 
707 ,127.0148 ,1.86398 ,-2.73331 ,-26.81922 
708 ,127.1907 ,1.86576 ,-2.75726 ,-27.05427 
709 ,127.3829 ,1.86754 ,-2.74700 ,-26.95353 
710 ,127.5590 ,1.86934 ,-2.76753 ,-27.15500 
711 ,127.7510 ,1.87124 ,-2.76069 ,-27.08785 
712 ,127.9273 ,1.87302 ,-2.76411 ,-27.12142 
713 ,128.1192 ,1.87491 ,-2.77437 ,-27.22216 
714 ,128.2953 ,1.87676 ,-2.78122 ,-27.28932 
715 ,128.4872 ,1.87859 ,-2.78122 ,-27.28932 
716 ,128.6793 ,1.88051 ,-2.81202 ,-27.59152 
717 ,128.8553 ,1.88233 ,-2.81544 ,-27.62510 
718 ,129.0314 ,1.88408 ,-2.79148 ,-27.39005 
719 ,129.2076 ,1.88584 ,-2.80517 ,-27.52436 
720 ,129.3838 ,1.88759 ,-2.81886 ,-27.65868 
721 ,129.5599 ,1.88934 ,-2.83597 ,-27.82657 
722 ,129.7357 ,1.89115 ,-2.82228 ,-27.69225 
723 ,129.9119 ,1.89291 ,-2.82913 ,-27.75941 
724 ,130.1041 ,1.89471 ,-2.84624 ,-27.92730 
725 ,130.2800 ,1.89654 ,-2.86677 ,-28.12877 
726 ,130.4722 ,1.89841 ,-2.84624 ,-27.92730 
727 ,130.6323 ,1.90020 ,-2.85651 ,-28.02804 
728 ,130.8242 ,1.90195 ,-2.88731 ,-28.33024 
729 ,131.0163 ,1.90385 ,-2.88388 ,-28.29666 
730 ,131.1925 ,1.90570 ,-2.87019 ,-28.16235 
731 ,131.3685 ,1.90742 ,-2.87019 ,-28.16235 
732 ,131.5606 ,1.90930 ,-2.90099 ,-28.46456 
733 ,131.7527 ,1.91123 ,-2.88731 ,-28.33024 
734 ,131.9447 ,1.91312 ,-2.91126 ,-28.56529 
735 ,132.1369 ,1.91502 ,-2.90099 ,-28.46456 
736 ,132.3129 ,1.91689 ,-2.92495 ,-28.69960 
737 ,132.4890 ,1.91868 ,-2.90099 ,-28.46456 
738 ,132.6650 ,1.92040 ,-2.91811 ,-28.63245 
739 ,132.8411 ,1.92218 ,-2.94206 ,-28.86750 
740 ,133.0171 ,1.92390 ,-2.94890 ,-28.93465 
741 ,133.2093 ,1.92578 ,-2.93864 ,-28.83392 
742 ,133.3854 ,1.92760 ,-2.95233 ,-28.96823 
743 ,133.5615 ,1.92944 ,-2.95233 ,-28.96823 
744 ,133.7376 ,1.93112 ,-2.95917 ,-29.03539 
745 ,133.9137 ,1.93292 ,-2.96602 ,-29.10254 
746 ,134.0896 ,1.93466 ,-2.96944 ,-29.13612 
747 ,134.2659 ,1.93638 ,-2.97286 ,-29.16970 
748 ,134.4579 ,1.93835 ,-2.99681 ,-29.40475 
749 ,134.6339 ,1.94014 ,-2.98997 ,-29.33759 
750 ,134.8100 ,1.94189 ,-2.98313 ,-29.27043 
751 ,134.9861 ,1.94365 ,-3.00708 ,-29.50548 
752 ,135.1622 ,1.94536 ,-3.01393 ,-29.57264 
753 ,135.3543 ,1.94719 ,-3.02077 ,-29.63980 
754 ,135.5464 ,1.94913 ,-3.01050 ,-29.53906 
755 ,135.7226 ,1.95098 ,-3.02761 ,-29.70695 
756 ,135.8985 ,1.95276 ,-3.03788 ,-29.80769 
757 ,136.0745 ,1.95452 ,-3.03446 ,-29.77411 
758 ,136.2506 ,1.95626 ,-3.04130 ,-29.84127 
759 ,136.4426 ,1.95812 ,-3.06526 ,-30.07631 
760 ,136.6348 ,1.95998 ,-3.05841 ,-30.00916 
761 ,136.8109 ,1.96188 ,-3.04815 ,-29.90842 
762 ,136.9867 ,1.96368 ,-3.07210 ,-30.14347 
763 ,137.1628 ,1.96540 ,-3.07895 ,-30.21063 
764 ,137.3550 ,1.96718 ,-3.07895 ,-30.21063 
765 ,137.5311 ,1.96904 ,-3.06868 ,-30.10989 
766 ,137.6912 ,1.97079 ,-3.08579 ,-30.27778 
767 ,137.8513 ,1.97235 ,-3.08921 ,-30.31136 
768 ,138.0273 ,1.97398 ,-3.09948 ,-30.41210 
769 ,138.2035 ,1.97576 ,-3.09606 ,-30.37852 
770 ,138.3795 ,1.97754 ,-3.10975 ,-30.51283 
771 ,138.5555 ,1.97932 ,-3.10632 ,-30.47925 
772 ,138.7317 ,1.98111 ,-3.12001 ,-30.61357 
773 ,138.9238 ,1.98292 ,-3.13712 ,-30.78146 
774 ,139.1157 ,1.98480 ,-3.12686 ,-30.68072 
775 ,139.2918 ,1.98674 ,-3.12001 ,-30.61357 
776 ,139.4678 ,1.98843 ,-3.13370 ,-30.74788 
777 ,139.6442 ,1.99018 ,-3.13370 ,-30.74788 
778 ,139.8363 ,1.99198 ,-3.15423 ,-30.94935 
779 ,140.0121 ,1.99394 ,-3.14397 ,-30.84862 
780 ,140.1882 ,1.99567 ,-3.16108 ,-31.01651 
781 ,140.3644 ,1.99736 ,-3.15766 ,-30.98293 
782 ,140.5403 ,1.99914 ,-3.16450 ,-31.05008 
783 ,140.7325 ,2.00098 ,-3.17819 ,-31.18440 
784 ,140.9245 ,2.00290 ,-3.17819 ,-31.18440 
785 ,141.1167 ,2.00482 ,-3.17477 ,-31.15082 
786 ,141.2925 ,2.00670 ,-3.17819 ,-31.18440 
787 ,141.4687 ,2.00844 ,-3.19872 ,-31.38587 
788 ,141.6609 ,2.01028 ,-3.21583 ,-31.55376 
789 ,141.8370 ,2.01210 ,-3.20899 ,-31.48660 
790 ,142.0129 ,2.01388 ,-3.21583 ,-31.55376 
791 ,142.1891 ,2.01563 ,-3.21926 ,-31.58734 
792 ,142.3651 ,2.01737 ,-3.20214 ,-31.41945 
793 ,142.5412 ,2.01915 ,-3.20214 ,-31.41945 
794 ,142.7332 ,2.02100 ,-3.21926 ,-31.58734 
795 ,142.9252 ,2.02287 ,-3.21926 ,-31.58734 
796 ,143.1014 ,2.02473 ,-3.21583 ,-31.55376 
797 ,143.2774 ,2.02647 ,-3.22952 ,-31.68807 
798 ,143.4694 ,2.02841 ,-3.21583 ,-31.55376 
799 ,143.6616 ,2.03026 ,-3.23294 ,-31.72165 
800 ,143.8376 ,2.03210 ,-3.22952 ,-31.68807 
801 ,144.0137 ,2.03389 ,-3.22268 ,-31.62092 
802 ,144.1898 ,2.03561 ,-3.23979 ,-31.78881 
803 ,144.3659 ,2.03737 ,-3.21926 ,-31.58734 
804 ,144.5420 ,2.03914 ,-3.23294 ,-31.72165 
805 ,144.7340 ,2.04097 ,-3.24663 ,-31.85596 
806 ,144.9101 ,2.04285 ,-3.23637 ,-31.75523 
807 ,145.1022 ,2.04466 ,-3.23979 ,-31.78881 
808 ,145.2782 ,2.04650 ,-3.24321 ,-31.82239 
809 ,145.4544 ,2.04823 ,-3.25006 ,-31.88954 
810 ,145.6303 ,2.05002 ,-3.25348 ,-31.92312 
811 ,145.8225 ,2.05185 ,-3.26032 ,-31.99028 
812 ,146.0144 ,2.05375 ,-3.26374 ,-32.02386 
813 ,146.1905 ,2.05568 ,-3.25006 ,-31.88954 
814 ,146.3827 ,2.05747 ,-3.28085 ,-32.19175 
815 ,146.5588 ,2.05929 ,-3.27401 ,-32.12459 
816 ,146.7509 ,2.06112 ,-3.27401 ,-32.12459 
817 ,146.9430 ,2.06305 ,-3.27401 ,-32.12459 
818 ,147.1351 ,2.06498 ,-3.30481 ,-32.42680 
819 ,147.3111 ,2.06686 ,-3.31850 ,-32.56111 
820 ,147.4870 ,2.06861 ,-3.30481 ,-32.42680 
821 ,147.6631 ,2.07031 ,-3.30481 ,-32.42680 
822 ,147.8553 ,2.07218 ,-3.32192 ,-32.59469 
823 ,148.0313 ,2.07412 ,-3.31165 ,-32.49395 
824 ,148.2072 ,2.07576 ,-3.32534 ,-32.62827 
825 ,148.3834 ,2.07751 ,-3.31850 ,-32.56111 
826 ,148.5596 ,2.07936 ,-3.33561 ,-32.72900 
827 ,148.7354 ,2.08113 ,-3.33903 ,-32.76258 
828 ,148.9117 ,2.08282 ,-3.35272 ,-32.89689 
829 ,149.1037 ,2.08465 ,-3.34930 ,-32.86331 
830 ,149.2797 ,2.08649 ,-3.35614 ,-32.93047 
831 ,149.4718 ,2.08834 ,-3.37668 ,-33.13194 
832 ,149.6319 ,2.09012 ,-3.36641 ,-33.03120 
833 ,149.8240 ,2.09183 ,-3.36983 ,-33.06478 
834 ,149.9842 ,2.09365 ,-3.39721 ,-33.33341 
835 ,150.1762 ,2.09535 ,-3.38694 ,-33.23267 
836 ,150.3682 ,2.09729 ,-3.37668 ,-33.13194 
837 ,150.5603 ,2.09925 ,-3.39379 ,-33.29983 
838 ,150.7524 ,2.10115 ,-3.40405 ,-33.40057 
839 ,150.9285 ,2.10296 ,-3.41774 ,-33.53488 
840 ,151.1046 ,2.10471 ,-3.40405 ,-33.40057 
841 ,151.2967 ,2.10658 ,-3.42459 ,-33.60204 
842 ,151.4727 ,2.10841 ,-3.45196 ,-33.87066 
843 ,151.6647 ,2.11026 ,-3.42459 ,-33.60204 
844 ,151.8408 ,2.11214 ,-3.43485 ,-33.70277 
845 ,152.0328 ,2.11400 ,-3.45881 ,-33.93782 
846 ,152.2251 ,2.11585 ,-3.44512 ,-33.80351 
847 ,152.4169 ,2.11779 ,-3.45196 ,-33.87066 
848 ,152.5930 ,2.11959 ,-3.46907 ,-34.03855 
849 ,152.7691 ,2.12139 ,-3.46565 ,-34.00498 
850 ,152.9454 ,2.12312 ,-3.46223 ,-33.97140 
851 ,153.1213 ,2.12496 ,-3.49303 ,-34.27360 
852 ,153.2974 ,2.12668 ,-3.48276 ,-34.17287 
853 ,153.4735 ,2.12840 ,-3.48276 ,-34.17287 
854 ,153.6657 ,2.13025 ,-3.48618 ,-34.20645 
855 ,153.8576 ,2.13216 ,-3.49987 ,-34.34076 
856 ,154.0336 ,2.13399 ,-3.50672 ,-34.40792 
857 ,154.2098 ,2.13577 ,-3.51698 ,-34.50865 
858 ,154.4016 ,2.13767 ,-3.51014 ,-34.44149 
859 ,154.5779 ,2.13942 ,-3.51014 ,-34.44149 
860 ,154.7699 ,2.14131 ,-3.51014 ,-34.44149 
861 ,154.9461 ,2.14315 ,-3.53410 ,-34.67654 
862 ,155.1221 ,2.14490 ,-3.52725 ,-34.60938 
863 ,155.2981 ,2.14669 ,-3.54094 ,-34.74370 
864 ,155.4742 ,2.14839 ,-3.55121 ,-34.84443 
865 ,155.6502 ,2.15016 ,-3.55121 ,-34.84443 
866 ,155.8263 ,2.15189 ,-3.55463 ,-34.87801 
867 ,156.0024 ,2.15376 ,-3.57174 ,-35.04590 
868 ,156.1784 ,2.15540 ,-3.55121 ,-34.84443 
869 ,156.3704 ,2.15730 ,-3.58543 ,-35.18022 
870 ,156.5465 ,2.15918 ,-3.58885 ,-35.21379 
871 ,156.7226 ,2.16097 ,-3.58201 ,-35.14664 
872 ,156.8986 ,2.16263 ,-3.57858 ,-35.11306 
873 ,157.0748 ,2.16438 ,-3.59912 ,-35.31453 
874 ,157.2670 ,2.16628 ,-3.58885 ,-35.21379 
875 ,157.4431 ,2.16816 ,-3.59227 ,-35.24737 
876 ,157.6352 ,2.16992 ,-3.60938 ,-35.41526 
877 ,157.8112 ,2.17186 ,-3.60254 ,-35.34811 
878 ,157.9872 ,2.17352 ,-3.62307 ,-35.54958 
879 ,158.1632 ,2.17527 ,-3.61280 ,-35.44884 
880 ,158.3395 ,2.17705 ,-3.61623 ,-35.48242 
881 ,158.5315 ,2.17892 ,-3.64018 ,-35.71747 
882 ,158.7236 ,2.18082 ,-3.62649 ,-35.58316 
883 ,158.8997 ,2.18262 ,-3.64360 ,-35.75105 
884 ,159.0756 ,2.18438 ,-3.65045 ,-35.81820 
885 ,159.2517 ,2.18617 ,-3.65729 ,-35.88536 
886 ,159.4278 ,2.18794 ,-3.67440 ,-36.05325 
887 ,159.6038 ,2.18969 ,-3.65729 ,-35.88536 
888 ,159.7960 ,2.19152 ,-3.66756 ,-35.98610 
889 ,159.9879 ,2.19346 ,-3.67098 ,-36.01967 
890 ,160.1642 ,2.19530 ,-3.67783 ,-36.08683 
891 ,160.3561 ,2.19712 ,-3.69151 ,-36.22114 
892 ,160.5322 ,2.19897 ,-3.69836 ,-36.28830 
893 ,160.7243 ,2.20084 ,-3.66414 ,-35.95252 
894 ,160.9004 ,2.20266 ,-3.67783 ,-36.08683 
895 ,161.0764 ,2.20439 ,-3.68125 ,-36.12041 
896 ,161.2526 ,2.20617 ,-3.68809 ,-36.18756 
897 ,161.4286 ,2.20792 ,-3.69836 ,-36.28830 
898 ,161.6047 ,2.20968 ,-3.67783 ,-36.08683 
899 ,161.7808 ,2.21146 ,-3.67098 ,-36.01967 
900 ,161.9568 ,2.21321 ,-3.67098 ,-36.01967 
901 ,162.1329 ,2.21506 ,-3.67098 ,-36.01967 
902 ,162.3091 ,2.21680 ,-3.66756 ,-35.98610 
903 ,162.5011 ,2.21859 ,-3.67098 ,-36.01967 
904 ,162.6932 ,2.22048 ,-3.68467 ,-36.15399 
905 ,162.8691 ,2.22238 ,-3.66756 ,-35.98610 
906 ,163.0454 ,2.22407 ,-3.68809 ,-36.18756 
907 ,163.2215 ,2.22592 ,-3.69836 ,-36.28830 
908 ,163.4135 ,2.22774 ,-3.70178 ,-36.32188 
909 ,163.5894 ,2.22957 ,-3.69151 ,-36.22114 
910 ,163.7654 ,2.23136 ,-3.70863 ,-36.38903 
911 ,163.9416 ,2.23303 ,-3.71205 ,-36.42261 
912 ,164.1016 ,2.23477 ,-3.71205 ,-36.42261 
913 ,164.2778 ,2.23644 ,-3.71889 ,-36.48977 
914 ,164.4698 ,2.23830 ,-3.72231 ,-36.52335 
915 ,164.6458 ,2.24018 ,-3.71547 ,-36.45619 
916 ,164.8221 ,2.24185 ,-3.72231 ,-36.52335 
917 ,165.0141 ,2.24367 ,-3.74285 ,-36.72482 
918 ,165.2061 ,2.24563 ,-3.72574 ,-36.55693 
919 ,165.3822 ,2.24746 ,-3.74285 ,-36.72482 
920 ,165.5743 ,2.24931 ,-3.74969 ,-36.79197 
921 ,165.7503 ,2.25121 ,-3.74969 ,-36.79197 
922 ,165.9265 ,2.25293 ,-3.75311 ,-36.82555 
923 ,166.1026 ,2.25465 ,-3.75311 ,-36.82555 
924 ,166.2947 ,2.25649 ,-3.77707 ,-37.06060 
925 ,166.4705 ,2.25838 ,-3.76338 ,-36.92629 
926 ,166.6467 ,2.26012 ,-3.78391 ,-37.12776 
927 ,166.8227 ,2.26185 ,-3.78049 ,-37.09418 
928 ,166.9988 ,2.26358 ,-3.78391 ,-37.12776 
929 ,167.1751 ,2.26542 ,-3.78391 ,-37.12776 
930 ,167.3509 ,2.26711 ,-3.81129 ,-37.39638 
931 ,167.5430 ,2.26901 ,-3.78049 ,-37.09418 
932 ,167.7192 ,2.27084 ,-3.81129 ,-37.39638 
933 ,167.9113 ,2.27271 ,-3.81813 ,-37.46354 
934 ,168.0873 ,2.27452 ,-3.81813 ,-37.46354 
935 ,168.2794 ,2.27634 ,-3.81813 ,-37.46354 
936 ,168.4554 ,2.27813 ,-3.82840 ,-37.56428 
937 ,168.6315 ,2.28001 ,-3.83867 ,-37.66501 
938 ,168.8238 ,2.28179 ,-3.82498 ,-37.53070 
939 ,169.0158 ,2.28373 ,-3.86605 ,-37.93364 
940 ,169.1918 ,2.28554 ,-3.85236 ,-37.79932 
941 ,169.3679 ,2.28739 ,-3.83525 ,-37.63143 
942 ,169.5441 ,2.28906 ,-3.85920 ,-37.86648 
943 ,169.7203 ,2.29083 ,-3.85578 ,-37.83290 
944 ,169.8961 ,2.29259 ,-3.86947 ,-37.96721 
945 ,170.0721 ,2.29432 ,-3.87973 ,-38.06795 
946 ,170.2482 ,2.29609 ,-3.87973 ,-38.06795 
947 ,170.4243 ,2.29792 ,-3.88658 ,-38.13511 
948 ,170.6163 ,2.29970 ,-3.90369 ,-38.30300 
949 ,170.7925 ,2.30161 ,-3.89000 ,-38.16868 
950 ,170.9686 ,2.30329 ,-3.91396 ,-38.40373 
951 ,171.1446 ,2.30511 ,-3.91053 ,-38.37015 
952 ,171.3368 ,2.30687 ,-3.91738 ,-38.43731 
953 ,171.5288 ,2.30883 ,-3.90711 ,-38.33658 
954 ,171.7049 ,2.31068 ,-3.92422 ,-38.50447 
955 ,171.8970 ,2.31250 ,-3.93107 ,-38.57162 
956 ,172.0731 ,2.31439 ,-3.93449 ,-38.60520 
957 ,172.2491 ,2.31611 ,-3.93449 ,-38.60520 
958 ,172.4252 ,2.31791 ,-3.94476 ,-38.70594 
959 ,172.6013 ,2.31958 ,-3.92764 ,-38.53805 
960 ,172.7773 ,2.32138 ,-3.94133 ,-38.67236 
961 ,172.9694 ,2.32321 ,-3.95160 ,-38.77309 
962 ,173.1455 ,2.32508 ,-3.95502 ,-38.80667 
963 ,173.3217 ,2.32678 ,-3.94476 ,-38.70594 
964 ,173.5135 ,2.32872 ,-3.95844 ,-38.84025 
965 ,173.6898 ,2.33050 ,-3.95502 ,-38.80667 
966 ,173.8658 ,2.33225 ,-3.95160 ,-38.77309 
967 ,174.0418 ,2.33401 ,-3.94818 ,-38.73952 
968 ,174.2340 ,2.33588 ,-3.95502 ,-38.80667 
969 ,174.4102 ,2.33773 ,-3.95502 ,-38.80667 
970 ,174.5859 ,2.33952 ,-3.93449 ,-38.60520 
971 ,174.7621 ,2.34120 ,-3.93449 ,-38.60520 
972 ,174.9542 ,2.34305 ,-3.94818 ,-38.73952 
973 ,175.1302 ,2.34490 ,-3.94476 ,-38.70594 
974 ,175.3063 ,2.34667 ,-3.93449 ,-38.60520 
975 ,175.4825 ,2.34840 ,-3.94476 ,-38.70594 
976 ,175.6586 ,2.35018 ,-3.93107 ,-38.57162 
977 ,175.8346 ,2.35194 ,-3.95160 ,-38.77309 
978 ,176.0108 ,2.35372 ,-3.96871 ,-38.94099 
979 ,176.1867 ,2.35550 ,-3.96529 ,-38.90741 
980 ,176.3629 ,2.35723 ,-3.95502 ,-38.80667 
981 ,176.5389 ,2.35898 ,-3.98582 ,-39.10888 
982 ,176.7149 ,2.36077 ,-3.97213 ,-38.97456 
983 ,176.8909 ,2.36249 ,-3.98582 ,-39.10888 
984 ,177.0669 ,2.36424 ,-3.98924 ,-39.14246 
985 ,177.2429 ,2.36607 ,-3.99951 ,-39.24319 
986 ,177.4192 ,2.36780 ,-3.98924 ,-39.14246 
987 ,177.5952 ,2.36952 ,-3.98582 ,-39.10888 
988 ,177.7714 ,2.37128 ,-4.00978 ,-39.34393 
989 ,177.9474 ,2.37306 ,-4.02004 ,-39.44466 
990 ,178.1236 ,2.37478 ,-4.00635 ,-39.31035 
991 ,178.2995 ,2.37657 ,-4.01320 ,-39.37750 
992 ,178.4757 ,2.37832 ,-4.02689 ,-39.51182 
993 ,178.6518 ,2.38010 ,-4.03715 ,-39.61255 
994 ,178.8277 ,2.38188 ,-4.02689 ,-39.51182 
995 ,179.0039 ,2.38360 ,-4.02346 ,-39.47824 
996 ,179.1799 ,2.38545 ,-4.04742 ,-39.71329 
997 ,179.3720 ,2.38720 ,-4.03715 ,-39.61255 
998 ,179.5640 ,2.38914 ,-4.03715 ,-39.61255 
999 ,179.7561 ,2.39106 ,-4.06453 ,-39.88118 
1000 ,179.9322 ,2.39296 ,-4.05426 ,-39.78044 
1001 ,180.1082 ,2.39469 ,-4.06111 ,-39.84760 
1002 ,180.2845 ,2.39646 ,-4.07138 ,-39.94833 
1003 ,180.4605 ,2.39818 ,-4.06795 ,-39.91476 
1004 ,180.6367 ,2.39992 ,-4.08506 ,-40.08265 
1005 ,180.8126 ,2.40172 ,-4.08849 ,-40.11623 
1006 ,180.9887 ,2.40348 ,-4.07138 ,-39.94833 
1007 ,181.1648 ,2.40522 ,-4.08849 ,-40.11623 
1008 ,181.3408 ,2.40698 ,-4.08506 ,-40.08265 
1009 ,181.5169 ,2.40877 ,-4.09533 ,-40.18338 
1010 ,181.7090 ,2.41058 ,-4.10217 ,-40.25054 
1011 ,181.8851 ,2.41242 ,-4.10560 ,-40.28412 
1012 ,182.0770 ,2.41424 ,-4.12955 ,-40.51917 
1013 ,182.2691 ,2.41619 ,-4.10902 ,-40.31770 
1014 ,182.4452 ,2.41800 ,-4.11244 ,-40.35127 
1015 ,182.6213 ,2.41983 ,-4.13297 ,-40.55274 
1016 ,182.7974 ,2.42154 ,-4.12613 ,-40.48559 
1017 ,182.9734 ,2.42332 ,-4.13982 ,-40.61990 
1018 ,183.1495 ,2.42508 ,-4.13982 ,-40.61990 
1019 ,183.3416 ,2.42692 ,-4.13297 ,-40.55274 
1020 ,183.5177 ,2.42874 ,-4.13640 ,-40.58632 
1021 ,183.6937 ,2.43050 ,-4.15693 ,-40.78779 
1022 ,183.8699 ,2.43228 ,-4.15693 ,-40.78779 
1023 ,184.0619 ,2.43412 ,-4.13982 ,-40.61990 
1024 ,184.2539 ,2.43603 ,-4.15693 ,-40.78779 
1025 ,184.4300 ,2.43786 ,-4.16035 ,-40.82137 
1026 ,184.6061 ,2.43957 ,-4.15693 ,-40.78779 
1027 ,184.7821 ,2.44135 ,-4.14666 ,-40.68706 
1028 ,184.9582 ,2.44318 ,-4.15009 ,-40.72064 
1029 ,185.1503 ,2.44501 ,-4.15693 ,-40.78779 
1030 ,185.3424 ,2.44692 ,-4.14666 ,-40.68706 
1031 ,185.5345 ,2.44887 ,-4.16035 ,-40.82137 
1032 ,185.7266 ,2.45075 ,-4.14324 ,-40.65348 
1033 ,185.9188 ,2.45267 ,-4.14666 ,-40.68706 
1034 ,186.0947 ,2.45451 ,-4.12613 ,-40.48559 
1035 ,186.2866 ,2.45633 ,-4.11929 ,-40.41843 
1036 ,186.4628 ,2.45818 ,-4.11244 ,-40.35127 
1037 ,186.6389 ,2.45993 ,-4.09875 ,-40.21696 
1038 ,186.8150 ,2.46172 ,-4.11586 ,-40.38485 
1039 ,186.9909 ,2.46350 ,-4.10217 ,-40.25054 
1040 ,187.1670 ,2.46524 ,-4.12613 ,-40.48559 
1041 ,187.3591 ,2.46713 ,-4.11586 ,-40.38485 
1042 ,187.5353 ,2.46890 ,-4.11929 ,-40.41843 
1043 ,187.7114 ,2.47064 ,-4.12955 ,-40.51917 
1044 ,187.9034 ,2.47248 ,-4.11586 ,-40.38485 
1045 ,188.0955 ,2.47441 ,-4.14666 ,-40.68706 
1046 ,188.2875 ,2.47639 ,-4.12955 ,-40.51917 
1047 ,188.4637 ,2.47818 ,-4.12955 ,-40.51917 
1048 ,188.6557 ,2.48006 ,-4.15009 ,-40.72064 
1049 ,188.8478 ,2.48194 ,-4.14324 ,-40.65348 
1050 ,189.0398 ,2.48389 ,-4.14666 ,-40.68706 
1051 ,189.2319 ,2.48577 ,-4.15351 ,-40.75421 
1052 ,189.4240 ,2.48768 ,-4.15351 ,-40.75421 
1053 ,189.5998 ,2.48961 ,-4.17062 ,-40.92211 
1054 ,189.7760 ,2.49127 ,-4.16720 ,-40.88853 
1055 ,189.9521 ,2.49311 ,-4.18773 ,-41.09000 
1056 ,190.1283 ,2.49481 ,-4.18088 ,-41.02284 
1057 ,190.3205 ,2.49668 ,-4.17404 ,-40.95568 
1058 ,190.4963 ,2.49853 ,-4.18773 ,-41.09000 
1059 ,190.6884 ,2.50034 ,-4.20484 ,-41.25789 
1060 ,190.8805 ,2.50226 ,-4.20142 ,-41.22431 
1061 ,191.0725 ,2.50420 ,-4.22537 ,-41.45936 
1062 ,191.2486 ,2.50608 ,-4.19800 ,-41.19073 
1063 ,191.4247 ,2.50775 ,-4.22195 ,-41.42578 
1064 ,191.6006 ,2.50961 ,-4.23564 ,-41.56009 
1065 ,191.7768 ,2.51138 ,-4.23222 ,-41.52651 
1066 ,191.9528 ,2.51312 ,-4.23222 ,-41.52651 
1067 ,192.1290 ,2.51482 ,-4.24591 ,-41.66083 
1068 ,192.3211 ,2.51667 ,-4.24591 ,-41.66083 
1069 ,192.4970 ,2.51850 ,-4.24248 ,-41.62725 
1070 ,192.6730 ,2.52032 ,-4.24591 ,-41.66083 
1071 ,192.8493 ,2.52201 ,-4.26986 ,-41.89588 
1072 ,193.0254 ,2.52379 ,-4.26986 ,-41.89588 
1073 ,193.2014 ,2.52562 ,-4.26302 ,-41.82872 
1074 ,193.3934 ,2.52739 ,-4.28013 ,-41.99661 
1075 ,193.5696 ,2.52919 ,-4.27328 ,-41.92945 
1076 ,193.7457 ,2.53097 ,-4.27671 ,-41.96303 
1077 ,193.9216 ,2.53274 ,-4.28355 ,-42.03019 
1078 ,194.0977 ,2.53451 ,-4.29382 ,-42.13092 
1079 ,194.2740 ,2.53623 ,-4.29382 ,-42.13092 
1080 ,194.4659 ,2.53809 ,-4.29382 ,-42.13092 
1081 ,194.6420 ,2.53991 ,-4.28355 ,-42.03019 
1082 ,194.8180 ,2.54172 ,-4.28013 ,-41.99661 
1083 ,194.9941 ,2.54349 ,-4.29382 ,-42.13092 
1084 ,195.1702 ,2.54518 ,-4.30408 ,-42.23166 
1085 ,195.3462 ,2.54701 ,-4.29382 ,-42.13092 
1086 ,195.5224 ,2.54876 ,-4.28697 ,-42.06377 
1087 ,195.7145 ,2.55062 ,-4.29382 ,-42.13092 
1088 ,195.8904 ,2.55249 ,-4.29382 ,-42.13092 
1089 ,196.0666 ,2.55418 ,-4.31435 ,-42.33239 
1090 ,196.2427 ,2.55597 ,-4.29039 ,-42.09735 
1091 ,196.4346 ,2.55779 ,-4.30066 ,-42.19808 
1092 ,196.6109 ,2.55960 ,-4.30408 ,-42.23166 
1093 ,196.7867 ,2.56144 ,-4.29724 ,-42.16450 
1094 ,196.9629 ,2.56311 ,-4.29382 ,-42.13092 
1095 ,197.1551 ,2.56498 ,-4.32462 ,-42.43313 
1096 ,197.3471 ,2.56690 ,-4.31777 ,-42.36597 
1097 ,197.5231 ,2.56872 ,-4.29382 ,-42.13092 
1098 ,197.6991 ,2.57052 ,-4.29724 ,-42.16450 
1099 ,197.8913 ,2.57235 ,-4.31093 ,-42.29882 
1100 ,198.0673 ,2.57422 ,-4.31435 ,-42.33239 
1101 ,198.2435 ,2.57591 ,-4.29382 ,-42.13092 
1102 ,198.4355 ,2.57780 ,-4.30408 ,-42.23166 
1103 ,198.6274 ,2.57968 ,-4.28355 ,-42.03019 
1104 ,198.8036 ,2.58158 ,-4.29724 ,-42.16450 
1105 ,198.9796 ,2.58327 ,-4.28355 ,-42.03019 
1106 ,199.1718 ,2.58514 ,-4.30750 ,-42.26524 
1107 ,199.3317 ,2.58696 ,-4.30750 ,-42.26524 
1108 ,199.5079 ,2.58860 ,-4.30408 ,-42.23166 
1109 ,199.6999 ,2.59043 ,-4.30750 ,-42.26524 
1110 ,199.8762 ,2.59223 ,-4.30750 ,-42.26524 
1111 ,200.0681 ,2.59409 ,-4.31093 ,-42.29882 
1112 ,200.2603 ,2.59602 ,-4.30066 ,-42.19808 
1113 ,200.4524 ,2.59795 ,-4.31435 ,-42.33239 
1114 ,200.6444 ,2.59986 ,-4.29039 ,-42.09735 
1115 ,200.8206 ,2.60171 ,-4.29724 ,-42.16450 
1116 ,201.0127 ,2.60365 ,-4.32462 ,-42.43313 
1117 ,201.1885 ,2.60543 ,-4.30408 ,-42.23166 
1118 ,201.3646 ,2.60709 ,-4.30750 ,-42.26524 
1119 ,201.5408 ,2.60894 ,-4.33488 ,-42.53386 
1120 ,201.7170 ,2.61067 ,-4.31435 ,-42.33239 
1121 ,201.9090 ,2.61251 ,-4.33146 ,-42.50029 
1122 ,202.0850 ,2.61436 ,-4.33488 ,-42.53386 
1123 ,202.2771 ,2.61615 ,-4.35199 ,-42.70176 
1124 ,202.4531 ,2.61803 ,-4.33830 ,-42.56744 
1125 ,202.6452 ,2.61985 ,-4.33830 ,-42.56744 
1126 ,202.8213 ,2.62169 ,-4.33830 ,-42.56744 
1127 ,203.0133 ,2.62354 ,-4.35199 ,-42.70176 
1128 ,203.1895 ,2.62538 ,-4.36568 ,-42.83607 
1129 ,203.3814 ,2.62723 ,-4.35542 ,-42.73533 
1130 ,203.5735 ,2.62915 ,-4.37595 ,-42.93680 
1131 ,203.7495 ,2.63105 ,-4.37253 ,-42.90323 
1132 ,203.9259 ,2.63274 ,-4.38621 ,-43.03754 
1133 ,204.1016 ,2.63456 ,-4.37595 ,-42.93680 
1134 ,204.2779 ,2.63630 ,-4.38279 ,-43.00396 
1135 ,204.4539 ,2.63802 ,-4.37253 ,-42.90323 
1136 ,204.6459 ,2.63985 ,-4.39306 ,-43.10469 
1137 ,204.8220 ,2.64175 ,-4.38621 ,-43.03754 
1138 ,204.9981 ,2.64344 ,-4.38964 ,-43.07112 
1139 ,205.1903 ,2.64532 ,-4.41701 ,-43.33974 
1140 ,205.3823 ,2.64723 ,-4.39648 ,-43.13827 
1141 ,205.5582 ,2.64911 ,-4.42728 ,-43.44048 
1142 ,205.7344 ,2.65087 ,-4.41359 ,-43.30616 
1143 ,205.9105 ,2.65258 ,-4.43755 ,-43.54121 
1144 ,206.1027 ,2.65443 ,-4.40675 ,-43.23901 
1145 ,206.2947 ,2.65634 ,-4.44097 ,-43.57479 
1146 ,206.7429 ,2.65954 ,-4.43755 ,-43.54121 
1147 ,206.9350 ,2.66274 ,-4.44439 ,-43.60837 
1148 ,207.1111 ,2.66460 ,-4.44439 ,-43.60837 
1149 ,207.3032 ,2.66639 ,-4.42728 ,-43.44048 
1150 ,207.4792 ,2.66826 ,-4.43070 ,-43.47406 
1151 ,207.6712 ,2.67010 ,-4.43755 ,-43.54121 
1152 ,207.8311 ,2.67192 ,-4.44097 ,-43.57479 
1153 ,208.0074 ,2.67357 ,-4.43755 ,-43.54121 
1154 ,208.1835 ,2.67527 ,-4.42728 ,-43.44048 
1155 ,208.3595 ,2.67706 ,-4.40675 ,-43.23901 
1156 ,208.5357 ,2.67880 ,-4.40675 ,-43.23901 
1157 ,208.7277 ,2.68063 ,-4.36226 ,-42.80249 
1158 ,208.9199 ,2.68259 ,-4.24933 ,-41.69441 
1159 ,209.1119 ,2.68450 ,0.48353 ,4.74438 
1160 ,209.3041 ,2.68644 ,0.42877 ,4.20713 
1161 ,209.4961 ,2.68830 ,0.42877 ,4.20713 
1162 ,209.6882 ,2.69028 ,0.42877 ,4.20713 
1163 ,209.8799 ,2.69222 ,0.42877 ,4.20713 
1164 ,210.0400 ,2.69399 ,0.42877 ,4.20713 
1165 ,210.2001 ,2.69560 ,0.43904 ,4.30787 
1166 ,210.3602 ,2.69719 ,0.43220 ,4.24071 
1167 ,210.5364 ,2.69880 ,0.44246 ,4.34144 
1168 ,210.7125 ,2.70059 ,0.42193 ,4.13997 
1169 ,210.9046 ,2.70240 ,0.44588 ,4.37502 
1170 ,211.0807 ,2.70426 ,0.44931 ,4.40860 
1171 ,211.2727 ,2.70610 ,0.42877 ,4.20713 
1172 ,211.4488 ,2.70798 ,0.43562 ,4.27429 
1173 ,211.6409 ,2.70977 ,0.44246 ,4.34144 
1174 ,211.8171 ,2.71164 ,0.44931 ,4.40860 
1175 ,211.9929 ,2.71343 ,0.43562 ,4.27429 
1176 ,212.1531 ,2.71509 ,0.42535 ,4.17355 
1177 ,212.3293 ,2.71672 ,0.43220 ,4.24071 
1178 ,212.5051 ,2.71849 ,0.41851 ,4.10640 
1179 ,212.6812 ,2.72025 ,0.43562 ,4.27429 
1180 ,212.8413 ,2.72199 ,0.44588 ,4.37502 
1181 ,213.0174 ,2.72363 ,0.44246 ,4.34144 
1182 ,213.1773 ,2.72534 ,0.44588 ,4.37502 
1183 ,213.3535 ,2.72697 ,0.43562 ,4.27429 
1184 ,213.5296 ,2.72873 ,0.43562 ,4.27429 
1185 ,213.7056 ,2.73050 ,0.42877 ,4.20713 
1186 ,213.8818 ,2.73228 ,0.45273 ,4.44218 
1187 ,214.0578 ,2.73404 ,0.45273 ,4.44218 
1188 ,214.2338 ,2.73582 ,0.43562 ,4.27429 
1189 ,214.4100 ,2.73754 ,0.42535 ,4.17355 
1190 ,214.5860 ,2.73927 ,0.42877 ,4.20713 
1191 ,214.7621 ,2.74107 ,0.42877 ,4.20713 
1192 ,214.9382 ,2.74281 ,0.44588 ,4.37502 
1193 ,215.1142 ,2.74461 ,0.44931 ,4.40860 
1194 ,215.2903 ,2.74633 ,0.43220 ,4.24071 
1195 ,215.4664 ,2.74813 ,0.43220 ,4.24071 
1196 ,215.6425 ,2.74984 ,0.44931 ,4.40860 
1197 ,215.8346 ,2.75168 ,0.42193 ,4.13997 
1198 ,216.0266 ,2.75361 ,0.43562 ,4.27429 
1199 ,216.1865 ,2.75542 ,0.44246 ,4.34144 
1200 ,216.3627 ,2.75705 ,0.43220 ,4.24071 
1201 ,216.5546 ,2.75888 ,0.43904 ,4.30787 
1202 ,216.7307 ,2.76073 ,0.42877 ,4.20713 
1203 ,216.9069 ,2.76246 ,0.43904 ,4.30787 
1204 ,217.0828 ,2.76425 ,0.43904 ,4.30787 
1205 ,217.2589 ,2.76605 ,0.44246 ,4.34144 
1206 ,217.4350 ,2.76781 ,0.43904 ,4.30787 
1207 ,217.6112 ,2.76953 ,0.43562 ,4.27429 
1208 ,217.7872 ,2.77135 ,0.44931 ,4.40860 
1209 ,217.9633 ,2.77307 ,0.44246 ,4.34144 
1210 ,218.1393 ,2.77481 ,0.44931 ,4.40860 
1211 ,218.3154 ,2.77656 ,0.43562 ,4.27429 
1212 ,218.4915 ,2.77832 ,0.42535 ,4.17355 
1213 ,218.6676 ,2.78011 ,0.43220 ,4.24071 
1214 ,218.8437 ,2.78183 ,0.45273 ,4.44218 
1215 ,219.0197 ,2.78364 ,0.44931 ,4.40860 
1216 ,219.1797 ,2.78535 ,0.44931 ,4.40860 
1217 ,219.3558 ,2.78698 ,0.44246 ,4.34144 
1218 ,219.5319 ,2.78874 ,0.42877 ,4.20713 
1219 ,219.7079 ,2.79052 ,0.42877 ,4.20713 
1220 ,219.8840 ,2.79223 ,0.43562 ,4.27429 
1221 ,220.0601 ,2.79402 ,0.44931 ,4.40860 
1222 ,220.2203 ,2.79574 ,0.44588 ,4.37502 
1223 ,220.4123 ,2.79749 ,0.42535 ,4.17355 
1224 ,220.5725 ,2.79922 ,0.43562 ,4.27429 
1225 ,220.7486 ,2.80088 ,0.43220 ,4.24071 
1226 ,220.9247 ,2.80260 ,0.43562 ,4.27429 
1227 ,221.1006 ,2.80441 ,0.43562 ,4.27429 
1228 ,221.2768 ,2.80615 ,0.44246 ,4.34144 
1229 ,221.4527 ,2.80792 ,0.44246 ,4.34144 
1230 ,221.6288 ,2.80970 ,0.43220 ,4.24071 
1231 ,221.8050 ,2.81144 ,0.44246 ,4.34144 
1232 ,221.9810 ,2.81327 ,0.45273 ,4.44218 
1233 ,222.1570 ,2.81501 ,0.42877 ,4.20713 
1234 ,222.3494 ,2.81679 ,0.43904 ,4.30787 
1235 ,222.5416 ,2.81883 ,0.44246 ,4.34144 
1236 ,222.7336 ,2.82074 ,0.43904 ,4.30787 
1237 ,222.9098 ,2.82253 ,0.42877 ,4.20713 
1238 ,223.1178 ,2.82444 ,0.43562 ,4.27429 
1239 ,223.2939 ,2.82635 ,0.44246 ,4.34144 
1240 ,223.4856 ,2.82826 ,0.42877 ,4.20713 
1241 ,223.6621 ,2.83003 ,0.43562 ,4.27429 
1242 ,223.8540 ,2.83193 ,0.42877 ,4.20713 
1243 ,224.0302 ,2.83372 ,0.43904 ,4.30787 
1244 ,224.2061 ,2.83541 ,0.42877 ,4.20713 
1245 ,224.3991 ,2.83735 ,0.45273 ,4.44218 
1246 ,224.5900 ,2.83923 ,0.42193 ,4.13997 
1247 ,224.7824 ,2.84111 ,0.43562 ,4.27429 
1248 ,224.9744 ,2.84315 ,0.44588 ,4.37502 
1249 ,225.1507 ,2.84492 ,0.42877 ,4.20713 
1250 ,225.3426 ,2.84677 ,0.45273 ,4.44218 
1251 ,225.5347 ,2.84866 ,0.43562 ,4.27429 
1252 ,225.7108 ,2.85047 ,0.42193 ,4.13997 
1253 ,225.8868 ,2.85220 ,0.43220 ,4.24071 
1254 ,226.0630 ,2.85404 ,0.43562 ,4.27429 
1255 ,226.2549 ,2.85589 ,0.43562 ,4.27429 
1256 ,226.4470 ,2.85786 ,0.42877 ,4.20713 
1257 ,226.6390 ,2.85977 ,0.44588 ,4.37502 
1258 ,226.8314 ,2.86172 ,0.43904 ,4.30787 
1259 ,227.0395 ,2.86372 ,0.43904 ,4.30787 
1260 ,227.2155 ,2.86556 ,0.43562 ,4.27429 
1261 ,227.3926 ,2.86729 ,0.43562 ,4.27429 
1262 ,227.5675 ,2.86913 ,0.45273 ,4.44218 
1263 ,227.7593 ,2.87093 ,0.42877 ,4.20713 
1264 ,227.9358 ,2.87276 ,0.44588 ,4.37502 
1265 ,228.1278 ,2.87466 ,0.43904 ,4.30787 
1266 ,228.3038 ,2.87644 ,0.44588 ,4.37502 
1267 ,228.4798 ,2.87821 ,0.45957 ,4.50934 
1268 ,228.6720 ,2.88009 ,0.43562 ,4.27429 
1269 ,228.8477 ,2.88187 ,0.42193 ,4.13997 
1270 ,229.0243 ,2.88364 ,0.44588 ,4.37502 
1271 ,229.2162 ,2.88557 ,0.44931 ,4.40860 
1272 ,229.4243 ,2.88753 ,0.44588 ,4.37502 
1273 ,229.6003 ,2.88934 ,0.45273 ,4.44218 
1274 ,229.7764 ,2.89114 ,0.44588 ,4.37502 
1275 ,229.9522 ,2.89290 ,0.43220 ,4.24071 
1276 ,230.1288 ,2.89465 ,0.42193 ,4.13997 
1277 ,230.3208 ,2.89662 ,0.44931 ,4.40860 
1278 ,230.5129 ,2.89842 ,0.42877 ,4.20713 
1279 ,230.7049 ,2.90041 ,0.44588 ,4.37502 
1280 ,230.8969 ,2.90236 ,0.43220 ,4.24071 
1281 ,231.0729 ,2.90418 ,0.44588 ,4.37502 
1282 ,231.2810 ,2.90615 ,0.44588 ,4.37502 
1283 ,231.4569 ,2.90788 ,0.44246 ,4.34144 
1284 ,231.6491 ,2.90979 ,0.44588 ,4.37502 
1285 ,231.8413 ,2.91180 ,0.45273 ,4.44218 
1286 ,232.0329 ,2.91363 ,0.44246 ,4.34144 
1287 ,232.2094 ,2.91548 ,0.42193 ,4.13997 
1288 ,232.4013 ,2.91737 ,0.44588 ,4.37502 
1289 ,232.5935 ,2.91922 ,0.43220 ,4.24071 
1290 ,232.7696 ,2.92104 ,0.43904 ,4.30787 
1291 ,232.9453 ,2.92279 ,0.43562 ,4.27429 
1292 ,233.1214 ,2.92456 ,0.45615 ,4.47576 
1293 ,233.2978 ,2.92631 ,0.44588 ,4.37502 
1294 ,233.4739 ,2.92819 ,0.43562 ,4.27429 
1295 ,233.6501 ,2.92982 ,0.43904 ,4.30787 
1296 ,233.8419 ,2.93174 ,0.45615 ,4.47576 
1297 ,234.0181 ,2.93354 ,0.44931 ,4.40860 
1298 ,234.1777 ,2.93527 ,0.44931 ,4.40860 
1299 ,234.3541 ,2.93690 ,0.43562 ,4.27429 
1300 ,234.5304 ,2.93867 ,0.43220 ,4.24071 
1301 ,234.7222 ,2.94060 ,0.44931 ,4.40860 
1302 ,234.8984 ,2.94235 ,0.45273 ,4.44218 
1303 ,235.0745 ,2.94410 ,0.42535 ,4.17355 
1304 ,235.2506 ,2.94582 ,0.43562 ,4.27429 
1305 ,235.4264 ,2.94760 ,0.43562 ,4.27429 
1306 ,235.6027 ,2.94934 ,0.44931 ,4.40860 
1307 ,235.7628 ,2.95107 ,0.45273 ,4.44218 
1308 ,235.9390 ,2.95272 ,0.44588 ,4.37502 
1309 ,236.1150 ,2.95457 ,0.44246 ,4.34144 
1310 ,236.2906 ,2.95635 ,0.44931 ,4.40860 
1311 ,236.4510 ,2.95795 ,0.43904 ,4.30787 
1312 ,236.6272 ,2.95964 ,0.42877 ,4.20713 
1313 ,236.8192 ,2.96151 ,0.44246 ,4.34144 
1314 ,237.0113 ,2.96342 ,0.44246 ,4.34144 
1315 ,237.1713 ,2.96519 ,0.44246 ,4.34144 
1316 ,237.3473 ,2.96677 ,0.44246 ,4.34144 
1317 ,237.5232 ,2.96855 ,0.45957 ,4.50934 
1318 ,237.6992 ,2.97035 ,0.43904 ,4.30787 
1319 ,237.8752 ,2.97213 ,0.44588 ,4.37502 
1320 ,238.0513 ,2.97392 ,0.44246 ,4.34144 
1321 ,238.2434 ,2.97570 ,0.45615 ,4.47576 
1322 ,238.4355 ,2.97761 ,0.45615 ,4.47576 
1323 ,238.6120 ,2.97946 ,0.43220 ,4.24071 
1324 ,238.7880 ,2.98128 ,0.44246 ,4.34144 
1325 ,238.9640 ,2.98299 ,0.44588 ,4.37502 
1326 ,239.1402 ,2.98475 ,0.45615 ,4.47576 
1327 ,239.3323 ,2.98668 ,0.43220 ,4.24071 
1328 ,239.5403 ,2.98863 ,0.44931 ,4.40860 
1329 ,239.7322 ,2.99064 ,0.43562 ,4.27429 
1330 ,239.9248 ,2.99260 ,0.44588 ,4.37502 
1331 ,240.1166 ,2.99446 ,0.43562 ,4.27429 
1332 ,240.3087 ,2.99640 ,0.43220 ,4.24071 
1333 ,240.5004 ,2.99828 ,0.44246 ,4.34144 
1334 ,240.6769 ,3.00009 ,0.45273 ,4.44218 
1335 ,240.8848 ,3.00210 ,0.44246 ,4.34144 
1336 ,241.0769 ,3.00408 ,0.43562 ,4.27429 
1337 ,241.2530 ,3.00586 ,0.42877 ,4.20713 
1338 ,241.4452 ,3.00784 ,0.44246 ,4.34144 
1339 ,241.6212 ,3.00953 ,0.44931 ,4.40860 
1340 ,241.7971 ,3.01125 ,0.43904 ,4.30787 
1341 ,241.9732 ,3.01305 ,0.43904 ,4.30787 
1342 ,242.1495 ,3.01484 ,0.42877 ,4.20713 
1343 ,242.3416 ,3.01678 ,0.44588 ,4.37502 
1344 ,242.5497 ,3.01867 ,0.43220 ,4.24071 
1345 ,242.7418 ,3.02064 ,0.45615 ,4.47576 
1346 ,242.9338 ,3.02268 ,0.42877 ,4.20713 
1347 ,243.1258 ,3.02457 ,0.44246 ,4.34144 
1348 ,243.3020 ,3.02634 ,0.45615 ,4.47576 
1349 ,243.4777 ,3.02810 ,0.44931 ,4.40860 
1350 ,243.6541 ,3.02985 ,0.42535 ,4.17355 
1351 ,243.8302 ,3.03161 ,0.43562 ,4.27429 
1352 ,244.0222 ,3.03355 ,0.44588 ,4.37502 
1353 ,244.1982 ,3.03529 ,0.44931 ,4.40860 
1354 ,244.3742 ,3.03705 ,0.44246 ,4.34144 
1355 ,244.5505 ,3.03883 ,0.43562 ,4.27429 
1356 ,244.7422 ,3.04077 ,0.45273 ,4.44218 
1357 ,244.9186 ,3.04247 ,0.45957 ,4.50934 
1358 ,245.0946 ,3.04422 ,0.44246 ,4.34144 
1359 ,245.2707 ,3.04600 ,0.43904 ,4.30787 
1360 ,245.4467 ,3.04775 ,0.44931 ,4.40860 
1361 ,245.6231 ,3.04953 ,0.45957 ,4.50934 
1362 ,245.8147 ,3.05148 ,0.43562 ,4.27429 
1363 ,245.9911 ,3.05324 ,0.43904 ,4.30787 
1364 ,246.1991 ,3.05523 ,0.44931 ,4.40860 
1365 ,246.3752 ,3.05703 ,0.42535 ,4.17355 
1366 ,246.5513 ,3.05883 ,0.42877 ,4.20713 
1367 ,246.7434 ,3.06079 ,0.44588 ,4.37502 
1368 ,246.9354 ,3.06263 ,0.43904 ,4.30787 
1369 ,247.1116 ,3.06444 ,0.43562 ,4.27429 
1370 ,247.3195 ,3.06646 ,0.44931 ,4.40860 
1371 ,247.4957 ,3.06826 ,0.44588 ,4.37502 
1372 ,247.6718 ,3.07001 ,0.43220 ,4.24071 
1373 ,247.8477 ,3.07183 ,0.42535 ,4.17355 
1374 ,248.0397 ,3.07368 ,0.44246 ,4.34144 
1375 ,248.2156 ,3.07549 ,0.43562 ,4.27429 
1376 ,248.3921 ,3.07721 ,0.43562 ,4.27429 
1377 ,248.5680 ,3.07903 ,0.41509 ,4.07282 
1378 ,248.7442 ,3.08076 ,0.45273 ,4.44218 
1379 ,248.9358 ,3.08257 ,0.44588 ,4.37502 
1380 ,249.1123 ,3.08438 ,0.42877 ,4.20713 
1381 ,249.3044 ,3.08633 ,0.44246 ,4.34144 
1382 ,249.4960 ,3.08821 ,0.43220 ,4.24071 
1383 ,249.6725 ,3.09000 ,0.43562 ,4.27429 
1384 ,249.8486 ,3.09174 ,0.43562 ,4.27429 
1385 ,250.0403 ,3.09365 ,0.44246 ,4.34144 
1386 ,250.2328 ,3.09559 ,0.43220 ,4.24071 
1387 ,250.4409 ,3.09761 ,0.44931 ,4.40860 
1388 ,250.6489 ,3.09973 ,0.45273 ,4.44218 
1389 ,250.8410 ,3.10168 ,0.44931 ,4.40860 
1390 ,251.0652 ,3.10376 ,0.45273 ,4.44218 
1391 ,251.2731 ,3.10586 ,0.44246 ,4.34144 
1392 ,251.4654 ,3.10793 ,0.44931 ,4.40860 
1393 ,251.6413 ,3.10970 ,0.45615 ,4.47576 
1394 ,251.8333 ,3.11155 ,0.42193 ,4.13997 
1395 ,252.0095 ,3.11334 ,0.43220 ,4.24071 
1396 ,252.1852 ,3.11522 ,0.44246 ,4.34144 
1397 ,252.3775 ,3.11697 ,0.44246 ,4.34144 
1398 ,252.5697 ,3.11902 ,0.43562 ,4.27429 
1399 ,252.7617 ,3.12092 ,0.45615 ,4.47576 
1400 ,252.9538 ,3.12280 ,0.42877 ,4.20713 
1401 ,253.1300 ,3.12453 ,0.43904 ,4.30787 
1402 ,253.3220 ,3.12652 ,0.45273 ,4.44218 
1403 ,253.5138 ,3.12840 ,0.42877 ,4.20713 
1404 ,253.6901 ,3.13020 ,0.43220 ,4.24071 
1405 ,253.8658 ,3.13192 ,0.43562 ,4.27429 
1406 ,254.0422 ,3.13370 ,0.45957 ,4.50934 
1407 ,254.2503 ,3.13577 ,0.42877 ,4.20713 
1408 ,254.4261 ,3.13751 ,0.43904 ,4.30787 
1409 ,254.6025 ,3.13930 ,0.45273 ,4.44218 
1410 ,254.8105 ,3.14132 ,0.44588 ,4.37502 
1411 ,255.0027 ,3.14322 ,0.45273 ,4.44218 
1412 ,255.1945 ,3.14516 ,0.43220 ,4.24071 
1413 ,255.3704 ,3.14702 ,0.44588 ,4.37502 
1414 ,255.5787 ,3.14890 ,0.44931 ,4.40860 
1415 ,255.7709 ,3.15097 ,0.43562 ,4.27429 
1416 ,255.9467 ,3.15272 ,0.43220 ,4.24071 
1417 ,256.1388 ,3.15457 ,0.45273 ,4.44218 
1418 ,256.3310 ,3.15650 ,0.41851 ,4.10640 
1419 ,256.5073 ,3.15838 ,0.42535 ,4.17355 
1420 ,256.6993 ,3.16024 ,0.45273 ,4.44218 
1421 ,256.8753 ,3.16202 ,0.44588 ,4.37502 
1422 ,257.0515 ,3.16374 ,0.43220 ,4.24071 
1423 ,257.2437 ,3.16564 ,0.44931 ,4.40860 
1424 ,257.4355 ,3.16763 ,0.43220 ,4.24071 
1425 ,257.6117 ,3.16935 ,0.43220 ,4.24071 
1426 ,257.8038 ,3.17129 ,0.43904 ,4.30787 
1427 ,257.9958 ,3.17322 ,0.44931 ,4.40860 
1428 ,258.1718 ,3.17499 ,0.43562 ,4.27429 
1429 ,258.3479 ,3.17671 ,0.43562 ,4.27429 
1430 ,258.5241 ,3.17848 ,0.44931 ,4.40860 
1431 ,258.7159 ,3.18037 ,0.43562 ,4.27429 
1432 ,258.9082 ,3.18235 ,0.43562 ,4.27429 
1433 ,259.1004 ,3.18416 ,0.45273 ,4.44218 
1434 ,259.2923 ,3.18617 ,0.43220 ,4.24071 
1435 ,259.4683 ,3.18804 ,0.41851 ,4.10640 
1436 ,259.6440 ,3.18970 ,0.43562 ,4.27429 
1437 ,259.8205 ,3.19148 ,0.45273 ,4.44218 
1438 ,260.0125 ,3.19337 ,0.43904 ,4.30787 
1439 ,260.1884 ,3.19517 ,0.43562 ,4.27429 
1440 ,260.3647 ,3.19690 ,0.44246 ,4.34144 
1441 ,260.5564 ,3.19874 ,0.44246 ,4.34144 
1442 ,260.7489 ,3.20069 ,0.44931 ,4.40860 
1443 ,260.9407 ,3.20253 ,0.43904 ,4.30787 
1444 ,261.1170 ,3.20445 ,0.45273 ,4.44218 
1445 ,261.3091 ,3.20629 ,0.42877 ,4.20713 
1446 ,261.4851 ,3.20814 ,0.44931 ,4.40860 
1447 ,261.6614 ,3.20990 ,0.44588 ,4.37502 
1448 ,261.8533 ,3.21177 ,0.44588 ,4.37502 
1449 ,262.0294 ,3.21356 ,0.44246 ,4.34144 
1450 ,262.2055 ,3.21527 ,0.42535 ,4.17355 
1451 ,262.3814 ,3.21712 ,0.44246 ,4.34144 
1452 ,262.5735 ,3.21890 ,0.44588 ,4.37502 
1453 ,262.7496 ,3.22070 ,0.43562 ,4.27429 
1454 ,262.9257 ,3.22248 ,0.43562 ,4.27429 
1455 ,263.1336 ,3.22449 ,0.43904 ,4.30787 
1456 ,263.3257 ,3.22643 ,0.44246 ,4.34144 
1457 ,263.5020 ,3.22824 ,0.43904 ,4.30787 
1458 ,263.6780 ,3.23005 ,0.45615 ,4.47576 
1459 ,263.8540 ,3.23180 ,0.44588 ,4.37502 
1460 ,264.0461 ,3.23368 ,0.44246 ,4.34144 
1461 ,264.2382 ,3.23564 ,0.44931 ,4.40860 
1462 ,264.4304 ,3.23744 ,0.43220 ,4.24071 
1463 ,264.6064 ,3.23935 ,0.43562 ,4.27429 
1464 ,264.7823 ,3.24105 ,0.45273 ,4.44218 
1465 ,264.9743 ,3.24295 ,0.44588 ,4.37502 
1466 ,265.1666 ,3.24484 ,0.42877 ,4.20713 
1467 ,265.3426 ,3.24666 ,0.44246 ,4.34144 
1468 ,265.5348 ,3.24853 ,0.44246 ,4.34144 
1469 ,265.7109 ,3.25038 ,0.42877 ,4.20713 
1470 ,265.9190 ,3.25238 ,0.44246 ,4.34144 
1471 ,266.0950 ,3.25415 ,0.45273 ,4.44218 
1472 ,266.2712 ,3.25595 ,0.43220 ,4.24071 
1473 ,266.4630 ,3.25781 ,0.44931 ,4.40860 
1474 ,266.6713 ,3.25990 ,0.44246 ,4.34144 
1475 ,266.8794 ,3.26191 ,0.44588 ,4.37502 
1476 ,267.0711 ,3.26396 ,0.44931 ,4.40860 
1477 ,267.2476 ,3.26571 ,0.43220 ,4.24071 
1478 ,267.4394 ,3.26762 ,0.44246 ,4.34144 
1479 ,267.6317 ,3.26940 ,0.44246 ,4.34144 
1480 ,267.8397 ,3.27160 ,0.45615 ,4.47576 
1481 ,268.0319 ,3.27347 ,0.43562 ,4.27429 
1482 ,268.2237 ,3.27545 ,0.43220 ,4.24071 
1483 ,268.4160 ,3.27739 ,0.43904 ,4.30787 
1484 ,268.5920 ,3.27912 ,0.44931 ,4.40860 
1485 ,268.7681 ,3.28086 ,0.42877 ,4.20713 
1486 ,268.9602 ,3.28275 ,0.45273 ,4.44218 
1487 ,269.1522 ,3.28481 ,0.42877 ,4.20713 
1488 ,269.3283 ,3.28653 ,0.43904 ,4.30787 
1489 ,269.5204 ,3.28839 ,0.45615 ,4.47576 
1490 ,269.6965 ,3.29014 ,0.45957 ,4.50934 
1491 ,269.8885 ,3.29202 ,0.43220 ,4.24071 
1492 ,270.0646 ,3.29383 ,0.43562 ,4.27429 
1493 ,270.2563 ,3.29577 ,0.44588 ,4.37502 
1494 ,270.4322 ,3.29760 ,0.42877 ,4.20713 
1495 ,270.5923 ,3.29927 ,0.43904 ,4.30787 
1496 ,270.7684 ,3.30084 ,0.43904 ,4.30787 
1497 ,270.9447 ,3.30269 ,0.44246 ,4.34144 
1498 ,271.1367 ,3.30457 ,0.45957 ,4.50934 
1499 ,271.3127 ,3.30636 ,0.44931 ,4.40860 
1500 ,271.4892 ,3.30814 ,0.44588 ,4.37502 
1501 ,271.6812 ,3.30998 ,0.45273 ,4.44218 
1502 ,271.8734 ,3.31190 ,0.43562 ,4.27429 
1503 ,272.0814 ,3.31396 ,0.45273 ,4.44218 
1504 ,272.2731 ,3.31588 ,0.43904 ,4.30787 
1505 ,272.4652 ,3.31781 ,0.42877 ,4.20713 
1506 ,272.6412 ,3.31971 ,0.45273 ,4.44218 
1507 ,272.8177 ,3.32142 ,0.44588 ,4.37502 
1508 ,273.0262 ,3.32339 ,0.44588 ,4.37502 
1509 ,273.2176 ,3.32538 ,0.46300 ,4.54291 
1510 ,273.3940 ,3.32712 ,0.44588 ,4.37502 
1511 ,273.6018 ,3.32919 ,0.44931 ,4.40860 
1512 ,273.7940 ,3.33104 ,0.43904 ,4.30787 
1513 ,273.9701 ,3.33292 ,0.43562 ,4.27429 
1514 ,274.1782 ,3.33489 ,0.43562 ,4.27429 
1515 ,274.3703 ,3.33690 ,0.42877 ,4.20713 
1516 ,274.5623 ,3.33882 ,0.44246 ,4.34144 
1517 ,274.7384 ,3.34062 ,0.45957 ,4.50934 
1518 ,274.9146 ,3.34235 ,0.44246 ,4.34144 
1519 ,275.1227 ,3.34438 ,0.43562 ,4.27429 
1520 ,275.3309 ,3.34642 ,0.43562 ,4.27429 
1521 ,275.5224 ,3.34847 ,0.44588 ,4.37502 
1522 ,275.6989 ,3.35019 ,0.44246 ,4.34144 
1523 ,275.8910 ,3.35209 ,0.43562 ,4.27429 
1524 ,276.0830 ,3.35395 ,0.45273 ,4.44218 
1525 ,276.2591 ,3.35573 ,0.44931 ,4.40860 
1526 ,276.4350 ,3.35764 ,0.43904 ,4.30787 
1527 ,276.6109 ,3.35930 ,0.43904 ,4.30787 
1528 ,276.7871 ,3.36112 ,0.45615 ,4.47576 
1529 ,276.9953 ,3.36299 ,0.44588 ,4.37502 
1530 ,277.1712 ,3.36490 ,0.43562 ,4.27429 
1531 ,277.3636 ,3.36681 ,0.44246 ,4.34144 
1532 ,277.5715 ,3.36879 ,0.45273 ,4.44218 
1533 ,277.7637 ,3.37079 ,0.44588 ,4.37502 
1534 ,277.9396 ,3.37262 ,0.45273 ,4.44218 
1535 ,278.1319 ,3.37446 ,0.44246 ,4.34144 
1536 ,278.3237 ,3.37643 ,0.43904 ,4.30787 
1537 ,278.5315 ,3.37838 ,0.45273 ,4.44218 
1538 ,278.7080 ,3.38032 ,0.44588 ,4.37502 
1539 ,278.8842 ,3.38203 ,0.43562 ,4.27429 
1540 ,279.0762 ,3.38393 ,0.45957 ,4.50934 
1541 ,279.2683 ,3.38580 ,0.43904 ,4.30787 
1542 ,279.4442 ,3.38762 ,0.44246 ,4.34144 
1543 ,279.6206 ,3.38940 ,0.44931 ,4.40860 
1544 ,279.8123 ,3.39132 ,0.44931 ,4.40860 
1545 ,279.9886 ,3.39304 ,0.43562 ,4.27429 
1546 ,280.1807 ,3.39500 ,0.43562 ,4.27429 
1547 ,280.3568 ,3.39673 ,0.44931 ,4.40860 
1548 ,280.5648 ,3.39879 ,0.43904 ,4.30787 
1549 ,280.7408 ,3.40061 ,0.44246 ,4.34144 
1550 ,280.9166 ,3.40239 ,0.45615 ,4.47576 
1551 ,281.0932 ,3.40414 ,0.44588 ,4.37502 
1552 ,281.2692 ,3.40587 ,0.44588 ,4.37502 
1553 ,281.4772 ,3.40784 ,0.43904 ,4.30787 
1554 ,281.6854 ,3.40998 ,0.42877 ,4.20713 
1555 ,281.8774 ,3.41188 ,0.44246 ,4.34144 
1556 ,282.0535 ,3.41376 ,0.44246 ,4.34144 
1557 ,282.2455 ,3.41558 ,0.44931 ,4.40860 
1558 ,282.4217 ,3.41741 ,0.45273 ,4.44218 
1559 ,282.6139 ,3.41927 ,0.43904 ,4.30787 
1560 ,282.8054 ,3.42122 ,0.45273 ,4.44218 
1561 ,282.9976 ,3.42306 ,0.44931 ,4.40860 
1562 ,283.1900 ,3.42498 ,0.44931 ,4.40860 
1563 ,283.3658 ,3.42683 ,0.43220 ,4.24071 
1564 ,283.5740 ,3.42883 ,0.45615 ,4.47576 
1565 ,283.7501 ,3.43069 ,0.45273 ,4.44218 
1566 ,283.9422 ,3.43262 ,0.43904 ,4.30787 
1567 ,284.1340 ,3.43448 ,0.45273 ,4.44218 
1568 ,284.3104 ,3.43628 ,0.45273 ,4.44218 
1569 ,284.5022 ,3.43820 ,0.44931 ,4.40860 
1570 ,284.6946 ,3.44007 ,0.45273 ,4.44218 
1571 ,284.9023 ,3.44212 ,0.45273 ,4.44218 
1572 ,285.0787 ,3.44397 ,0.45957 ,4.50934 
1573 ,285.2865 ,3.44594 ,0.43562 ,4.27429 
1574 ,285.4628 ,3.44788 ,0.45273 ,4.44218 
1575 ,285.6388 ,3.44951 ,0.45957 ,4.50934 
1576 ,285.8311 ,3.45133 ,0.45615 ,4.47576 
1577 ,286.0070 ,3.45327 ,0.43904 ,4.30787 
1578 ,286.2148 ,3.45514 ,0.44588 ,4.37502 
1579 ,286.3912 ,3.45707 ,0.44588 ,4.37502 
1580 ,286.5830 ,3.45901 ,0.43220 ,4.24071 
1581 ,286.7753 ,3.46088 ,0.45615 ,4.47576 
1582 ,286.9673 ,3.46276 ,0.43904 ,4.30787 
1583 ,287.1754 ,3.46486 ,0.45615 ,4.47576 
1584 ,287.3674 ,3.46672 ,0.43220 ,4.24071 
1585 ,287.5436 ,3.46859 ,0.43220 ,4.24071 
1586 ,287.7199 ,3.47035 ,0.45615 ,4.47576 
1587 ,287.9277 ,3.47238 ,0.44588 ,4.37502 
1588 ,288.1039 ,3.47417 ,0.43562 ,4.27429 
1589 ,288.3115 ,3.47613 ,0.44246 ,4.34144 
1590 ,288.4880 ,3.47802 ,0.42535 ,4.17355 
1591 ,288.6801 ,3.47996 ,0.45273 ,4.44218 
1592 ,288.8719 ,3.48188 ,0.45273 ,4.44218 
1593 ,289.0483 ,3.48363 ,0.44588 ,4.37502 
1594 ,289.2404 ,3.48545 ,0.44931 ,4.40860 
1595 ,289.4163 ,3.48729 ,0.45273 ,4.44218 
1596 ,289.5921 ,3.48904 ,0.43904 ,4.30787 
1597 ,289.7683 ,3.49077 ,0.42535 ,4.17355 
1598 ,289.9446 ,3.49257 ,0.43562 ,4.27429 
1599 ,290.1368 ,3.49442 ,0.43904 ,4.30787 
1600 ,290.3286 ,3.49639 ,0.43904 ,4.30787 
1601 ,290.5048 ,3.49777 ,0.42877 ,4.20713 
1602 ,290.6967 ,3.49894 ,0.44931 ,4.40860 
1603 ,290.8889 ,3.49965 ,0.44588 ,4.37502 
1604 ,291.0648 ,3.49994 ,0.43562 ,4.27429 
1605 ,291.2732 ,3.50000 ,0.43562 ,4.27429 
