Data stamp = , 29-03-2022 11:20:51 695

Calibration Values: 
Slope = , 26.54 , g/V 
Offset Voltage at no contact = , -0.501760 , V 

No , Time , Stage Position ,   Mass , Force 
   ,  (s) ,      (mm)      ,   (g)  , (mN)  

1 ,0.0000 ,0.69948 ,5.30878 ,52.08979 
2 ,0.2241 ,0.69958 ,5.29852 ,51.98905 
3 ,0.4480 ,0.70017 ,5.31221 ,52.12337 
4 ,0.6402 ,0.70123 ,5.31563 ,52.15694 
5 ,0.8322 ,0.70261 ,5.32247 ,52.22410 
6 ,1.0082 ,0.70429 ,5.30194 ,52.02263 
7 ,1.1844 ,0.70598 ,5.29852 ,51.98905 
8 ,1.3765 ,0.70788 ,5.31905 ,52.19052 
9 ,1.5686 ,0.70986 ,5.30536 ,52.05621 
10 ,1.7287 ,0.71159 ,5.27798 ,51.78758 
11 ,1.9047 ,0.71330 ,5.27114 ,51.72043 
12 ,2.0807 ,0.71499 ,5.25061 ,51.51896 
13 ,2.2568 ,0.71677 ,5.25061 ,51.51896 
14 ,2.4326 ,0.71859 ,5.23350 ,51.35107 
15 ,2.6090 ,0.72027 ,5.20270 ,51.04886 
16 ,2.7850 ,0.72207 ,5.17532 ,50.78023 
17 ,2.9933 ,0.72401 ,5.17532 ,50.78023 
18 ,3.1692 ,0.72591 ,5.15479 ,50.57876 
19 ,3.3612 ,0.72776 ,5.13083 ,50.34372 
20 ,3.5374 ,0.72957 ,5.13768 ,50.41087 
21 ,3.7137 ,0.73133 ,5.12056 ,50.24298 
22 ,3.9055 ,0.73324 ,5.07950 ,49.84004 
23 ,4.0814 ,0.73502 ,5.05897 ,49.63857 
24 ,4.2577 ,0.73678 ,5.07950 ,49.84004 
25 ,4.4334 ,0.73853 ,5.05554 ,49.60499 
26 ,4.6099 ,0.74029 ,5.02817 ,49.33637 
27 ,4.8019 ,0.74220 ,5.01106 ,49.16848 
28 ,5.0101 ,0.74421 ,4.99737 ,49.03416 
29 ,5.1860 ,0.74606 ,4.98026 ,48.86627 
30 ,5.3780 ,0.74802 ,4.95630 ,48.63122 
31 ,5.5699 ,0.74993 ,4.95972 ,48.66480 
32 ,5.7623 ,0.75181 ,4.93235 ,48.39618 
33 ,5.9382 ,0.75357 ,4.91181 ,48.19471 
34 ,6.1145 ,0.75535 ,4.89812 ,48.06039 
35 ,6.3223 ,0.75736 ,4.88444 ,47.92608 
36 ,6.4983 ,0.75920 ,4.86390 ,47.72461 
37 ,6.6746 ,0.76098 ,4.85364 ,47.62387 
38 ,6.8506 ,0.76265 ,4.82968 ,47.38883 
39 ,7.0426 ,0.76462 ,4.80573 ,47.15378 
40 ,7.2346 ,0.76650 ,4.81257 ,47.22093 
41 ,7.4109 ,0.76828 ,4.78861 ,46.98589 
42 ,7.5870 ,0.77006 ,4.76124 ,46.71726 
43 ,7.7630 ,0.77186 ,4.74413 ,46.54937 
44 ,7.9551 ,0.77376 ,4.73728 ,46.48221 
45 ,8.1470 ,0.77564 ,4.70648 ,46.18001 
46 ,8.3069 ,0.77739 ,4.68937 ,46.01212 
47 ,8.4838 ,0.77896 ,4.67911 ,45.91138 
48 ,8.6753 ,0.78086 ,4.67226 ,45.84422 
49 ,8.8834 ,0.78294 ,4.65173 ,45.64275 
50 ,9.0755 ,0.78484 ,4.62777 ,45.40771 
51 ,9.2838 ,0.78693 ,4.61066 ,45.23981 
52 ,9.4758 ,0.78889 ,4.60382 ,45.17266 
53 ,9.6520 ,0.79071 ,4.57644 ,44.90403 
54 ,9.8441 ,0.79260 ,4.55933 ,44.73614 
55 ,10.0358 ,0.79451 ,4.55249 ,44.66898 
56 ,10.2121 ,0.79626 ,4.53537 ,44.50109 
57 ,10.4038 ,0.79820 ,4.50457 ,44.19889 
58 ,10.5800 ,0.80001 ,4.48404 ,43.99742 
59 ,10.7560 ,0.80171 ,4.49089 ,44.06457 
60 ,10.9329 ,0.80355 ,4.46693 ,43.82953 
61 ,11.1246 ,0.80545 ,4.43613 ,43.52732 
62 ,11.3166 ,0.80728 ,4.43271 ,43.49374 
63 ,11.4924 ,0.80912 ,4.40875 ,43.25870 
64 ,11.6688 ,0.81082 ,4.38138 ,42.99007 
65 ,11.8607 ,0.81281 ,4.37111 ,42.88933 
66 ,12.0369 ,0.81453 ,4.35742 ,42.75502 
67 ,12.2290 ,0.81645 ,4.32662 ,42.45282 
68 ,12.4051 ,0.81823 ,4.31636 ,42.35208 
69 ,12.5972 ,0.82011 ,4.30951 ,42.28492 
70 ,12.7892 ,0.82196 ,4.28898 ,42.08345 
71 ,12.9810 ,0.82401 ,4.27187 ,41.91556 
72 ,13.1574 ,0.82575 ,4.25476 ,41.74767 
73 ,13.3334 ,0.82764 ,4.23080 ,41.51262 
74 ,13.5091 ,0.82929 ,4.22738 ,41.47905 
75 ,13.6853 ,0.83101 ,4.20000 ,41.21042 
76 ,13.8616 ,0.83280 ,4.19316 ,41.14326 
77 ,14.0383 ,0.83452 ,4.17605 ,40.97537 
78 ,14.2299 ,0.83652 ,4.15209 ,40.74032 
79 ,14.4218 ,0.83839 ,4.12814 ,40.50527 
80 ,14.5979 ,0.84015 ,4.12471 ,40.47170 
81 ,14.7898 ,0.84204 ,4.10076 ,40.23665 
82 ,14.9819 ,0.84400 ,4.07680 ,40.00160 
83 ,15.1579 ,0.84573 ,4.07338 ,39.96802 
84 ,15.3338 ,0.84750 ,4.06654 ,39.90087 
85 ,15.5099 ,0.84920 ,4.03232 ,39.56508 
86 ,15.6864 ,0.85102 ,4.00494 ,39.29646 
87 ,15.8623 ,0.85277 ,3.99809 ,39.22930 
88 ,16.0386 ,0.85455 ,3.99809 ,39.22930 
89 ,16.2145 ,0.85639 ,3.97072 ,38.96067 
90 ,16.3905 ,0.85803 ,3.94334 ,38.69205 
91 ,16.5668 ,0.85986 ,3.93650 ,38.62489 
92 ,16.7585 ,0.86172 ,3.93307 ,38.59131 
93 ,16.9353 ,0.86349 ,3.91254 ,38.38984 
94 ,17.1109 ,0.86529 ,3.88858 ,38.15479 
95 ,17.3028 ,0.86713 ,3.86121 ,37.88617 
96 ,17.4949 ,0.86910 ,3.86463 ,37.91975 
97 ,17.6713 ,0.87088 ,3.83383 ,37.61754 
98 ,17.8473 ,0.87267 ,3.82014 ,37.48323 
99 ,18.0395 ,0.87452 ,3.80645 ,37.34891 
100 ,18.2156 ,0.87627 ,3.78934 ,37.18102 
101 ,18.3916 ,0.87809 ,3.76881 ,36.97955 
102 ,18.5835 ,0.88003 ,3.73801 ,36.67735 
103 ,18.7596 ,0.88179 ,3.71748 ,36.47588 
104 ,18.9363 ,0.88348 ,3.71748 ,36.47588 
105 ,19.1119 ,0.88528 ,3.68325 ,36.14010 
106 ,19.2874 ,0.88704 ,3.67983 ,36.10652 
107 ,19.4798 ,0.88889 ,3.66272 ,35.93863 
108 ,19.6560 ,0.89074 ,3.64561 ,35.77073 
109 ,19.8319 ,0.89245 ,3.63534 ,35.67000 
110 ,20.0077 ,0.89421 ,3.61139 ,35.43495 
111 ,20.1838 ,0.89597 ,3.57717 ,35.09917 
112 ,20.3598 ,0.89775 ,3.56006 ,34.93128 
113 ,20.5360 ,0.89947 ,3.56690 ,34.99843 
114 ,20.7121 ,0.90125 ,3.54979 ,34.83054 
115 ,20.9366 ,0.90336 ,3.52584 ,34.59549 
116 ,21.1126 ,0.90526 ,3.51557 ,34.49476 
117 ,21.3206 ,0.90726 ,3.48135 ,34.15898 
118 ,21.4965 ,0.90909 ,3.48477 ,34.19255 
119 ,21.6728 ,0.91093 ,3.47450 ,34.09182 
120 ,21.8489 ,0.91260 ,3.43001 ,33.65530 
121 ,22.0248 ,0.91443 ,3.41975 ,33.55457 
122 ,22.2009 ,0.91610 ,3.41975 ,33.55457 
123 ,22.3931 ,0.91798 ,3.40948 ,33.45383 
124 ,22.5690 ,0.91986 ,3.36842 ,33.05089 
125 ,22.7453 ,0.92157 ,3.34104 ,32.78227 
126 ,22.9213 ,0.92335 ,3.34104 ,32.78227 
127 ,23.1133 ,0.92515 ,3.33419 ,32.71511 
128 ,23.2893 ,0.92706 ,3.31366 ,32.51364 
129 ,23.4655 ,0.92877 ,3.27944 ,32.17786 
130 ,23.6416 ,0.93055 ,3.27259 ,32.11070 
131 ,23.8176 ,0.93230 ,3.26575 ,32.04354 
132 ,23.9939 ,0.93405 ,3.25206 ,31.90923 
133 ,24.1858 ,0.93591 ,3.23153 ,31.70776 
134 ,24.3779 ,0.93791 ,3.22126 ,31.60702 
135 ,24.5537 ,0.93966 ,3.21442 ,31.53987 
136 ,24.7300 ,0.94142 ,3.18020 ,31.20409 
137 ,24.9062 ,0.94318 ,3.15624 ,30.96904 
138 ,25.0982 ,0.94509 ,3.15624 ,30.96904 
139 ,25.2742 ,0.94687 ,3.13913 ,30.80115 
140 ,25.4664 ,0.94874 ,3.09806 ,30.39821 
141 ,25.6420 ,0.95055 ,3.09464 ,30.36463 
142 ,25.8186 ,0.95234 ,3.10149 ,30.43178 
143 ,25.9945 ,0.95403 ,3.07411 ,30.16316 
144 ,26.1707 ,0.95584 ,3.05358 ,29.96169 
145 ,26.3468 ,0.95760 ,3.02962 ,29.72664 
146 ,26.5385 ,0.95941 ,3.01935 ,29.62590 
147 ,26.7144 ,0.96132 ,3.02278 ,29.65948 
148 ,26.8910 ,0.96299 ,3.00224 ,29.45801 
149 ,27.0670 ,0.96481 ,2.97144 ,29.15581 
150 ,27.2270 ,0.96649 ,2.96802 ,29.12223 
151 ,27.4031 ,0.96817 ,2.93380 ,28.78645 
152 ,27.5790 ,0.96990 ,2.92696 ,28.71929 
153 ,27.7550 ,0.97162 ,2.91669 ,28.61856 
154 ,27.9319 ,0.97344 ,2.90642 ,28.51782 
155 ,28.1231 ,0.97534 ,2.88247 ,28.28277 
156 ,28.2994 ,0.97709 ,2.87562 ,28.21562 
157 ,28.4757 ,0.97887 ,2.86193 ,28.08130 
158 ,28.6517 ,0.98060 ,2.84482 ,27.91341 
159 ,28.8274 ,0.98241 ,2.81745 ,27.64479 
160 ,29.0038 ,0.98413 ,2.78665 ,27.34258 
161 ,29.1799 ,0.98588 ,2.80034 ,27.47689 
162 ,29.3720 ,0.98784 ,2.78665 ,27.34258 
163 ,29.5641 ,0.98975 ,2.76611 ,27.14111 
164 ,29.7403 ,0.99147 ,2.75243 ,27.00680 
165 ,29.9162 ,0.99324 ,2.74558 ,26.93964 
166 ,30.0923 ,0.99503 ,2.72847 ,26.77175 
167 ,30.2680 ,0.99681 ,2.70109 ,26.50312 
168 ,30.4444 ,0.99853 ,2.68398 ,26.33523 
169 ,30.6205 ,1.00034 ,2.68056 ,26.30165 
170 ,30.8124 ,1.00216 ,2.65660 ,26.06661 
171 ,31.0046 ,1.00410 ,2.62581 ,25.76440 
172 ,31.1808 ,1.00590 ,2.62238 ,25.73082 
173 ,31.3568 ,1.00768 ,2.61212 ,25.63009 
174 ,31.5487 ,1.00963 ,2.59501 ,25.46220 
175 ,31.7411 ,1.01140 ,2.57789 ,25.29430 
176 ,31.9167 ,1.01323 ,2.56763 ,25.19357 
177 ,32.0932 ,1.01507 ,2.56078 ,25.12641 
178 ,32.2690 ,1.01675 ,2.53341 ,24.85779 
179 ,32.4453 ,1.01857 ,2.51287 ,24.65632 
180 ,32.6374 ,1.02039 ,2.50261 ,24.55558 
181 ,32.8293 ,1.02242 ,2.48550 ,24.38769 
182 ,33.0051 ,1.02412 ,2.46839 ,24.21980 
183 ,33.1815 ,1.02590 ,2.45812 ,24.11906 
184 ,33.3737 ,1.02781 ,2.45127 ,24.05191 
185 ,33.5499 ,1.02962 ,2.42390 ,23.78328 
186 ,33.7577 ,1.03150 ,2.40679 ,23.61539 
187 ,33.9500 ,1.03347 ,2.40336 ,23.58181 
188 ,34.1418 ,1.03549 ,2.36914 ,23.24603 
189 ,34.3501 ,1.03752 ,2.35545 ,23.11171 
190 ,34.5422 ,1.03941 ,2.35545 ,23.11171 
191 ,34.7345 ,1.04139 ,2.33492 ,22.91024 
192 ,34.9102 ,1.04320 ,2.31439 ,22.70877 
193 ,35.0860 ,1.04498 ,2.30412 ,22.60804 
194 ,35.2623 ,1.04669 ,2.27332 ,22.30584 
195 ,35.4389 ,1.04849 ,2.28359 ,22.40657 
196 ,35.6306 ,1.05039 ,2.25963 ,22.17152 
197 ,35.8227 ,1.05228 ,2.24594 ,22.03721 
198 ,35.9988 ,1.05409 ,2.22199 ,21.80216 
199 ,36.1748 ,1.05582 ,2.22199 ,21.80216 
200 ,36.3668 ,1.05773 ,2.18092 ,21.39922 
201 ,36.5590 ,1.05966 ,2.17750 ,21.36564 
202 ,36.7350 ,1.06141 ,2.17408 ,21.33206 
203 ,36.9111 ,1.06314 ,2.16039 ,21.19775 
204 ,37.1031 ,1.06508 ,2.12617 ,20.86197 
205 ,37.2951 ,1.06702 ,2.11932 ,20.79481 
206 ,37.4714 ,1.06883 ,2.11590 ,20.76123 
207 ,37.6635 ,1.07072 ,2.08168 ,20.42545 
208 ,37.8555 ,1.07263 ,2.09537 ,20.55976 
209 ,38.0316 ,1.07445 ,2.07141 ,20.32472 
210 ,38.2073 ,1.07623 ,2.03719 ,19.98893 
211 ,38.3836 ,1.07792 ,2.02693 ,19.88820 
212 ,38.5597 ,1.07966 ,2.01666 ,19.78746 
213 ,38.7358 ,1.08146 ,2.00982 ,19.72031 
214 ,38.9278 ,1.08337 ,1.98928 ,19.51884 
215 ,39.1040 ,1.08506 ,1.96533 ,19.28379 
216 ,39.2798 ,1.08687 ,1.94822 ,19.11590 
217 ,39.4561 ,1.08865 ,1.96190 ,19.25021 
218 ,39.6319 ,1.09035 ,1.94479 ,19.08232 
219 ,39.8082 ,1.09210 ,1.92084 ,18.84727 
220 ,40.0002 ,1.09406 ,1.89004 ,18.54507 
221 ,40.1764 ,1.09583 ,1.89346 ,18.57864 
222 ,40.3845 ,1.09783 ,1.86608 ,18.31002 
223 ,40.5765 ,1.09974 ,1.84213 ,18.07497 
224 ,40.7527 ,1.10161 ,1.84897 ,18.14213 
225 ,40.9445 ,1.10349 ,1.81817 ,17.83992 
226 ,41.1206 ,1.10529 ,1.80791 ,17.73919 
227 ,41.2964 ,1.10706 ,1.79764 ,17.63845 
228 ,41.4727 ,1.10882 ,1.79080 ,17.57129 
229 ,41.6649 ,1.11070 ,1.77026 ,17.36983 
230 ,41.8409 ,1.11248 ,1.74631 ,17.13478 
231 ,42.0169 ,1.11424 ,1.73604 ,17.03404 
232 ,42.2251 ,1.11628 ,1.72578 ,16.93331 
233 ,42.3852 ,1.11800 ,1.70524 ,16.73184 
234 ,42.5613 ,1.11965 ,1.70866 ,16.76542 
235 ,42.7375 ,1.12153 ,1.69840 ,16.66468 
236 ,42.9135 ,1.12319 ,1.67444 ,16.42963 
237 ,43.1056 ,1.12503 ,1.66075 ,16.29532 
238 ,43.2815 ,1.12685 ,1.64364 ,16.12743 
239 ,43.4577 ,1.12864 ,1.63338 ,16.02669 
240 ,43.6336 ,1.13042 ,1.63680 ,16.06027 
241 ,43.8098 ,1.13217 ,1.60600 ,15.75807 
242 ,43.9860 ,1.13391 ,1.59916 ,15.69091 
243 ,44.1939 ,1.13590 ,1.57520 ,15.45586 
244 ,44.3701 ,1.13771 ,1.57862 ,15.48944 
245 ,44.5620 ,1.13965 ,1.54782 ,15.18724 
246 ,44.7381 ,1.14144 ,1.52045 ,14.91861 
247 ,44.9143 ,1.14322 ,1.52729 ,14.98577 
248 ,45.1063 ,1.14513 ,1.51360 ,14.85145 
249 ,45.2825 ,1.14686 ,1.48965 ,14.61640 
250 ,45.4742 ,1.14883 ,1.48280 ,14.54925 
251 ,45.6506 ,1.15057 ,1.47253 ,14.44851 
252 ,45.8266 ,1.15231 ,1.45885 ,14.31420 
253 ,46.0028 ,1.15408 ,1.44516 ,14.17989 
254 ,46.1948 ,1.15599 ,1.43147 ,14.04557 
255 ,46.3710 ,1.15775 ,1.42462 ,13.97842 
256 ,46.5629 ,1.15969 ,1.39725 ,13.70979 
257 ,46.7392 ,1.16137 ,1.38356 ,13.57548 
258 ,46.9312 ,1.16332 ,1.38014 ,13.54190 
259 ,47.1072 ,1.16507 ,1.36303 ,13.37401 
260 ,47.2833 ,1.16688 ,1.35960 ,13.34043 
261 ,47.4754 ,1.16880 ,1.34249 ,13.17254 
262 ,47.6510 ,1.17055 ,1.32196 ,12.97107 
263 ,47.8275 ,1.17228 ,1.31854 ,12.93749 
264 ,48.0035 ,1.17409 ,1.30485 ,12.80318 
265 ,48.1957 ,1.17597 ,1.28774 ,12.63528 
266 ,48.3717 ,1.17776 ,1.27747 ,12.53455 
267 ,48.5639 ,1.17966 ,1.24667 ,12.23235 
268 ,48.7399 ,1.18148 ,1.25009 ,12.26592 
269 ,48.9318 ,1.18336 ,1.23983 ,12.16519 
270 ,49.1080 ,1.18507 ,1.21929 ,11.96372 
271 ,49.2841 ,1.18683 ,1.19876 ,11.76225 
272 ,49.4762 ,1.18881 ,1.18507 ,11.62794 
273 ,49.6521 ,1.19055 ,1.17823 ,11.56078 
274 ,49.8284 ,1.19232 ,1.17481 ,11.52720 
275 ,50.0203 ,1.19422 ,1.14401 ,11.22500 
276 ,50.1803 ,1.19592 ,1.13374 ,11.12426 
277 ,50.3565 ,1.19756 ,1.12347 ,11.02353 
278 ,50.5324 ,1.19934 ,1.10979 ,10.88921 
279 ,50.7083 ,1.20107 ,1.11663 ,10.95637 
280 ,50.8847 ,1.20283 ,1.08925 ,10.68774 
281 ,51.0608 ,1.20464 ,1.06872 ,10.48627 
282 ,51.2529 ,1.20649 ,1.06530 ,10.45270 
283 ,51.4129 ,1.20826 ,1.05845 ,10.38554 
284 ,51.6050 ,1.21012 ,1.03792 ,10.18407 
285 ,51.7809 ,1.21180 ,1.02765 ,10.08333 
286 ,51.9572 ,1.21356 ,1.00028 ,9.81471 
287 ,52.1332 ,1.21535 ,0.99001 ,9.71397 
288 ,52.3094 ,1.21704 ,0.99685 ,9.78113 
289 ,52.4851 ,1.21892 ,0.95921 ,9.41177 
290 ,52.6614 ,1.22063 ,0.96263 ,9.44535 
291 ,52.8536 ,1.22251 ,0.93868 ,9.21030 
292 ,53.0453 ,1.22446 ,0.92841 ,9.10956 
293 ,53.2217 ,1.22623 ,0.90446 ,8.87451 
294 ,53.3977 ,1.22801 ,0.89761 ,8.80736 
295 ,53.5897 ,1.22981 ,0.88392 ,8.67305 
296 ,53.7659 ,1.23166 ,0.89077 ,8.74020 
297 ,53.9420 ,1.23338 ,0.87023 ,8.53873 
298 ,54.1181 ,1.23523 ,0.83943 ,8.23653 
299 ,54.2942 ,1.23690 ,0.83601 ,8.20295 
300 ,54.5023 ,1.23894 ,0.82232 ,8.06864 
301 ,54.6783 ,1.24079 ,0.80863 ,7.93432 
302 ,54.8705 ,1.24270 ,0.80179 ,7.86717 
303 ,55.0625 ,1.24456 ,0.78126 ,7.66570 
304 ,55.2546 ,1.24655 ,0.76757 ,7.53138 
305 ,55.4308 ,1.24834 ,0.75388 ,7.39707 
306 ,55.6228 ,1.25009 ,0.74361 ,7.29633 
307 ,55.7988 ,1.25200 ,0.73677 ,7.22918 
308 ,55.9744 ,1.25375 ,0.70939 ,6.96055 
309 ,56.1509 ,1.25548 ,0.70597 ,6.92697 
310 ,56.3271 ,1.25729 ,0.69228 ,6.79266 
311 ,56.5353 ,1.25924 ,0.67175 ,6.59119 
312 ,56.7272 ,1.26127 ,0.66833 ,6.55761 
313 ,56.9029 ,1.26302 ,0.66490 ,6.52403 
314 ,57.0793 ,1.26477 ,0.64437 ,6.32256 
315 ,57.2553 ,1.26653 ,0.61357 ,6.02036 
316 ,57.4313 ,1.26829 ,0.61015 ,5.98678 
317 ,57.6234 ,1.27017 ,0.60330 ,5.91962 
318 ,57.7996 ,1.27201 ,0.57593 ,5.65100 
319 ,57.9757 ,1.27379 ,0.56908 ,5.58384 
320 ,58.1515 ,1.27559 ,0.56908 ,5.58384 
321 ,58.3278 ,1.27729 ,0.56224 ,5.51668 
322 ,58.5198 ,1.27919 ,0.53828 ,5.28164 
323 ,58.6956 ,1.28090 ,0.51775 ,5.08017 
324 ,58.8720 ,1.28274 ,0.51433 ,5.04659 
325 ,59.0481 ,1.28450 ,0.51091 ,5.01301 
326 ,59.2406 ,1.28637 ,0.49380 ,4.84512 
327 ,59.4323 ,1.28829 ,0.46642 ,4.57649 
328 ,59.6082 ,1.29008 ,0.46642 ,4.57649 
329 ,59.7844 ,1.29186 ,0.45273 ,4.44218 
330 ,59.9602 ,1.29355 ,0.44246 ,4.34144 
331 ,60.1362 ,1.29540 ,0.42193 ,4.13997 
332 ,60.3126 ,1.29709 ,0.41166 ,4.03924 
333 ,60.5047 ,1.29905 ,0.41166 ,4.03924 
334 ,60.6968 ,1.30093 ,0.37744 ,3.70346 
335 ,60.8727 ,1.30269 ,0.37744 ,3.70346 
336 ,61.0489 ,1.30448 ,0.37402 ,3.66988 
337 ,61.2249 ,1.30625 ,0.36718 ,3.60272 
338 ,61.4009 ,1.30797 ,0.33980 ,3.33410 
339 ,61.5772 ,1.30975 ,0.33295 ,3.26694 
340 ,61.7691 ,1.31161 ,0.31584 ,3.09905 
341 ,61.9453 ,1.31343 ,0.32611 ,3.19978 
342 ,62.1212 ,1.31517 ,0.28847 ,2.83042 
343 ,62.2972 ,1.31689 ,0.27478 ,2.69611 
344 ,62.4893 ,1.31877 ,0.26451 ,2.59537 
345 ,62.6813 ,1.32082 ,0.26793 ,2.62895 
346 ,62.8576 ,1.32253 ,0.24055 ,2.36032 
347 ,63.0336 ,1.32434 ,0.22002 ,2.15885 
348 ,63.2258 ,1.32623 ,0.23371 ,2.29317 
349 ,63.4178 ,1.32815 ,0.20291 ,1.99096 
350 ,63.6099 ,1.33006 ,0.17896 ,1.75592 
351 ,63.7860 ,1.33186 ,0.17896 ,1.75592 
352 ,63.9781 ,1.33372 ,0.15842 ,1.55445 
353 ,64.1541 ,1.33554 ,0.14816 ,1.45371 
354 ,64.3299 ,1.33728 ,0.14131 ,1.38655 
355 ,64.5222 ,1.33913 ,0.14131 ,1.38655 
356 ,64.6983 ,1.34104 ,0.10709 ,1.05077 
357 ,64.8745 ,1.34269 ,0.10367 ,1.01719 
358 ,65.0665 ,1.34467 ,0.10025 ,0.98361 
359 ,65.2424 ,1.34637 ,0.08656 ,0.84930 
360 ,65.4506 ,1.34840 ,0.06945 ,0.68141 
361 ,65.6265 ,1.35025 ,0.07287 ,0.71499 
362 ,65.8029 ,1.35196 ,0.04891 ,0.47994 
363 ,65.9949 ,1.35389 ,0.01811 ,0.17773 
364 ,66.1870 ,1.35573 ,0.01127 ,0.11058 
365 ,66.3788 ,1.35773 ,-0.01269 ,-0.12447 
366 ,66.5549 ,1.35955 ,-0.00242 ,-0.02373 
367 ,66.7471 ,1.36146 ,-0.00242 ,-0.02373 
368 ,66.9553 ,1.36340 ,-0.02637 ,-0.25878 
369 ,67.1314 ,1.36528 ,-0.04691 ,-0.46025 
370 ,67.3072 ,1.36706 ,-0.05033 ,-0.49383 
371 ,67.4994 ,1.36891 ,-0.04691 ,-0.46025 
372 ,67.6755 ,1.37071 ,-0.07428 ,-0.72888 
373 ,67.8514 ,1.37243 ,-0.09482 ,-0.93035 
374 ,68.0438 ,1.37439 ,-0.09140 ,-0.89677 
375 ,68.2194 ,1.37612 ,-0.09482 ,-0.93035 
376 ,68.3795 ,1.37786 ,-0.13246 ,-1.29971 
377 ,68.5557 ,1.37950 ,-0.13588 ,-1.33329 
378 ,68.7319 ,1.38124 ,-0.15984 ,-1.56834 
379 ,68.9080 ,1.38299 ,-0.15984 ,-1.56834 
380 ,69.0842 ,1.38482 ,-0.15299 ,-1.50118 
381 ,69.3083 ,1.38691 ,-0.17695 ,-1.73623 
382 ,69.5002 ,1.38892 ,-0.18379 ,-1.80338 
383 ,69.6764 ,1.39071 ,-0.20775 ,-2.03843 
384 ,69.8684 ,1.39265 ,-0.22144 ,-2.17275 
385 ,70.0444 ,1.39439 ,-0.21117 ,-2.07201 
386 ,70.2366 ,1.39621 ,-0.22828 ,-2.23990 
387 ,70.4122 ,1.39807 ,-0.25224 ,-2.47495 
388 ,70.5885 ,1.39984 ,-0.26250 ,-2.57569 
389 ,70.7965 ,1.40176 ,-0.26250 ,-2.57569 
390 ,70.9884 ,1.40382 ,-0.28646 ,-2.81073 
391 ,71.1484 ,1.40555 ,-0.27619 ,-2.71000 
392 ,71.3249 ,1.40720 ,-0.29673 ,-2.91147 
393 ,71.5332 ,1.40922 ,-0.32410 ,-3.18010 
394 ,71.7253 ,1.41121 ,-0.32068 ,-3.14652 
395 ,71.9173 ,1.41313 ,-0.33779 ,-3.31441 
396 ,72.0934 ,1.41486 ,-0.35490 ,-3.48230 
397 ,72.2694 ,1.41664 ,-0.36517 ,-3.58303 
398 ,72.4454 ,1.41841 ,-0.36175 ,-3.54946 
399 ,72.6377 ,1.42029 ,-0.37886 ,-3.71735 
400 ,72.8296 ,1.42220 ,-0.39255 ,-3.85166 
401 ,73.0056 ,1.42399 ,-0.40281 ,-3.95240 
402 ,73.1978 ,1.42591 ,-0.42335 ,-4.15387 
403 ,73.3737 ,1.42763 ,-0.43361 ,-4.25460 
404 ,73.5660 ,1.42948 ,-0.44388 ,-4.35534 
405 ,73.7420 ,1.43144 ,-0.45072 ,-4.42249 
406 ,73.9181 ,1.43307 ,-0.46441 ,-4.55681 
407 ,74.0940 ,1.43485 ,-0.47810 ,-4.69112 
408 ,74.2701 ,1.43664 ,-0.48494 ,-4.75828 
409 ,74.4623 ,1.43855 ,-0.49179 ,-4.82543 
410 ,74.6544 ,1.44046 ,-0.50890 ,-4.99332 
411 ,74.8306 ,1.44225 ,-0.52601 ,-5.16121 
412 ,75.0224 ,1.44416 ,-0.51574 ,-5.06048 
413 ,75.1986 ,1.44595 ,-0.52943 ,-5.19479 
414 ,75.3746 ,1.44767 ,-0.54997 ,-5.39626 
415 ,75.5667 ,1.44955 ,-0.55681 ,-5.46342 
416 ,75.7584 ,1.45151 ,-0.55681 ,-5.46342 
417 ,75.9354 ,1.45329 ,-0.57734 ,-5.66489 
418 ,76.1270 ,1.45518 ,-0.59788 ,-5.86636 
419 ,76.3026 ,1.45696 ,-0.60472 ,-5.93352 
420 ,76.4630 ,1.45865 ,-0.61156 ,-6.00067 
421 ,76.6391 ,1.46030 ,-0.61499 ,-6.03425 
422 ,76.8148 ,1.46209 ,-0.62525 ,-6.13499 
423 ,76.9912 ,1.46387 ,-0.65263 ,-6.40361 
424 ,77.1674 ,1.46559 ,-0.65947 ,-6.47077 
425 ,77.3434 ,1.46739 ,-0.65605 ,-6.43719 
426 ,77.5196 ,1.46910 ,-0.66290 ,-6.50435 
427 ,77.6956 ,1.47091 ,-0.68343 ,-6.70582 
428 ,77.8873 ,1.47277 ,-0.70396 ,-6.90729 
429 ,78.0637 ,1.47455 ,-0.69370 ,-6.80655 
430 ,78.2558 ,1.47636 ,-0.71765 ,-7.04160 
431 ,78.4316 ,1.47821 ,-0.73818 ,-7.24307 
432 ,78.6080 ,1.47997 ,-0.74503 ,-7.31023 
433 ,78.7840 ,1.48177 ,-0.75187 ,-7.37738 
434 ,78.9601 ,1.48362 ,-0.76214 ,-7.47812 
435 ,79.1364 ,1.48529 ,-0.75187 ,-7.37738 
436 ,79.3123 ,1.48701 ,-0.77241 ,-7.57885 
437 ,79.4884 ,1.48879 ,-0.79294 ,-7.78032 
438 ,79.6642 ,1.49053 ,-0.79978 ,-7.84748 
439 ,79.8405 ,1.49233 ,-0.79978 ,-7.84748 
440 ,80.0005 ,1.49402 ,-0.81347 ,-7.98179 
441 ,80.1765 ,1.49563 ,-0.81347 ,-7.98179 
442 ,80.3524 ,1.49742 ,-0.83058 ,-8.14968 
443 ,80.5289 ,1.49918 ,-0.83743 ,-8.21684 
444 ,80.7050 ,1.50095 ,-0.84085 ,-8.25042 
445 ,80.8965 ,1.50286 ,-0.84427 ,-8.28400 
446 ,81.0730 ,1.50461 ,-0.86138 ,-8.45189 
447 ,81.2651 ,1.50652 ,-0.87165 ,-8.55262 
448 ,81.4410 ,1.50834 ,-0.87849 ,-8.61978 
449 ,81.6173 ,1.51007 ,-0.88534 ,-8.68694 
450 ,81.7932 ,1.51185 ,-0.89218 ,-8.75409 
451 ,81.9692 ,1.51357 ,-0.91956 ,-9.02272 
452 ,82.1614 ,1.51544 ,-0.89903 ,-8.82125 
453 ,82.3533 ,1.51745 ,-0.92298 ,-9.05630 
454 ,82.5456 ,1.51934 ,-0.92983 ,-9.12345 
455 ,82.7216 ,1.52115 ,-0.93667 ,-9.19061 
456 ,82.8977 ,1.52284 ,-0.93667 ,-9.19061 
457 ,83.0736 ,1.52462 ,-0.96063 ,-9.42566 
458 ,83.2499 ,1.52637 ,-0.97431 ,-9.55997 
459 ,83.4420 ,1.52829 ,-0.96747 ,-9.49282 
460 ,83.6180 ,1.53005 ,-0.97431 ,-9.55997 
461 ,83.8099 ,1.53195 ,-1.00854 ,-9.89576 
462 ,84.0021 ,1.53390 ,-1.00169 ,-9.82860 
463 ,84.1783 ,1.53568 ,-1.00854 ,-9.89576 
464 ,84.3543 ,1.53747 ,-1.02565 ,-10.06365 
465 ,84.5305 ,1.53922 ,-1.04618 ,-10.26512 
466 ,84.7065 ,1.54100 ,-1.06671 ,-10.46659 
467 ,84.8824 ,1.54269 ,-1.05302 ,-10.33227 
468 ,85.0585 ,1.54450 ,-1.07698 ,-10.56732 
469 ,85.2508 ,1.54636 ,-1.08382 ,-10.63448 
470 ,85.4266 ,1.54817 ,-1.09751 ,-10.76879 
471 ,85.6028 ,1.54989 ,-1.10093 ,-10.80237 
472 ,85.7790 ,1.55168 ,-1.10436 ,-10.83595 
473 ,85.9550 ,1.55340 ,-1.10778 ,-10.86953 
474 ,86.1312 ,1.55520 ,-1.13858 ,-11.17173 
475 ,86.3231 ,1.55717 ,-1.14200 ,-11.20531 
476 ,86.5152 ,1.55906 ,-1.14884 ,-11.27247 
477 ,86.6912 ,1.56088 ,-1.17280 ,-11.50751 
478 ,86.8674 ,1.56253 ,-1.18307 ,-11.60825 
479 ,87.0595 ,1.56442 ,-1.16938 ,-11.47394 
480 ,87.2353 ,1.56625 ,-1.18649 ,-11.64183 
481 ,87.4271 ,1.56811 ,-1.20702 ,-11.84330 
482 ,87.6037 ,1.56993 ,-1.22071 ,-11.97761 
483 ,87.7797 ,1.57168 ,-1.21729 ,-11.94403 
484 ,87.9716 ,1.57359 ,-1.22755 ,-12.04477 
485 ,88.1476 ,1.57536 ,-1.24809 ,-12.24624 
486 ,88.3236 ,1.57709 ,-1.25835 ,-12.34697 
487 ,88.4999 ,1.57887 ,-1.26178 ,-12.38055 
488 ,88.6760 ,1.58063 ,-1.26178 ,-12.38055 
489 ,88.8520 ,1.58242 ,-1.26520 ,-12.41413 
490 ,89.0442 ,1.58429 ,-1.29258 ,-12.68275 
491 ,89.2203 ,1.58608 ,-1.30626 ,-12.81707 
492 ,89.4119 ,1.58795 ,-1.29942 ,-12.74991 
493 ,89.6041 ,1.58989 ,-1.31995 ,-12.95138 
494 ,89.7807 ,1.59165 ,-1.31653 ,-12.91780 
495 ,89.9726 ,1.59365 ,-1.31995 ,-12.95138 
496 ,90.1647 ,1.59543 ,-1.34049 ,-13.15285 
497 ,90.3407 ,1.59726 ,-1.35075 ,-13.25359 
498 ,90.5328 ,1.59910 ,-1.35417 ,-13.28716 
499 ,90.7248 ,1.60114 ,-1.37471 ,-13.48863 
500 ,90.9007 ,1.60283 ,-1.37129 ,-13.45506 
501 ,91.0771 ,1.60462 ,-1.37813 ,-13.52221 
502 ,91.2530 ,1.60643 ,-1.39524 ,-13.69010 
503 ,91.4448 ,1.60830 ,-1.41235 ,-13.85799 
504 ,91.6212 ,1.61012 ,-1.41235 ,-13.85799 
505 ,91.8134 ,1.61195 ,-1.40893 ,-13.82442 
506 ,92.0052 ,1.61382 ,-1.42946 ,-14.02589 
507 ,92.1975 ,1.61583 ,-1.43288 ,-14.05946 
508 ,92.3734 ,1.61764 ,-1.43288 ,-14.05946 
509 ,92.5816 ,1.61956 ,-1.45342 ,-14.26093 
510 ,92.7577 ,1.62139 ,-1.45342 ,-14.26093 
511 ,92.9337 ,1.62318 ,-1.47053 ,-14.42883 
512 ,93.1099 ,1.62497 ,-1.46026 ,-14.32809 
513 ,93.3180 ,1.62689 ,-1.49106 ,-14.63030 
514 ,93.4939 ,1.62880 ,-1.49448 ,-14.66387 
515 ,93.6701 ,1.63052 ,-1.49791 ,-14.69745 
516 ,93.8619 ,1.63243 ,-1.52186 ,-14.93250 
517 ,94.0383 ,1.63426 ,-1.51844 ,-14.89892 
518 ,94.2303 ,1.63612 ,-1.53213 ,-15.03324 
519 ,94.4062 ,1.63791 ,-1.54582 ,-15.16755 
520 ,94.5822 ,1.63965 ,-1.54924 ,-15.20113 
521 ,94.7583 ,1.64143 ,-1.55950 ,-15.30186 
522 ,94.9350 ,1.64320 ,-1.56635 ,-15.36902 
523 ,95.1104 ,1.64497 ,-1.56635 ,-15.36902 
524 ,95.2866 ,1.64673 ,-1.58004 ,-15.50333 
525 ,95.4626 ,1.64852 ,-1.59373 ,-15.63764 
526 ,95.6548 ,1.65032 ,-1.59030 ,-15.60407 
527 ,95.8467 ,1.65226 ,-1.61084 ,-15.80554 
528 ,96.0228 ,1.65402 ,-1.62795 ,-15.97343 
529 ,96.1990 ,1.65583 ,-1.62110 ,-15.90627 
530 ,96.3909 ,1.65774 ,-1.64848 ,-16.17490 
531 ,96.5671 ,1.65953 ,-1.63479 ,-16.04058 
532 ,96.7429 ,1.66128 ,-1.65533 ,-16.24205 
533 ,96.9192 ,1.66303 ,-1.66559 ,-16.34279 
534 ,97.0952 ,1.66476 ,-1.65190 ,-16.20848 
535 ,97.2714 ,1.66654 ,-1.65533 ,-16.24205 
536 ,97.4633 ,1.66845 ,-1.68270 ,-16.51068 
537 ,97.6555 ,1.67027 ,-1.69639 ,-16.64499 
538 ,97.8316 ,1.67217 ,-1.68613 ,-16.54426 
539 ,98.0078 ,1.67390 ,-1.70666 ,-16.74573 
540 ,98.1836 ,1.67568 ,-1.72377 ,-16.91362 
541 ,98.3598 ,1.67741 ,-1.72035 ,-16.88004 
542 ,98.5198 ,1.67912 ,-1.72035 ,-16.88004 
543 ,98.6960 ,1.68077 ,-1.74772 ,-17.14867 
544 ,98.8880 ,1.68263 ,-1.75115 ,-17.18225 
545 ,99.0641 ,1.68444 ,-1.76141 ,-17.28298 
546 ,99.2403 ,1.68626 ,-1.76826 ,-17.35014 
547 ,99.4162 ,1.68804 ,-1.75115 ,-17.18225 
548 ,99.6244 ,1.68996 ,-1.77510 ,-17.41729 
549 ,99.8005 ,1.69190 ,-1.78195 ,-17.48445 
550 ,100.0085 ,1.69383 ,-1.78537 ,-17.51803 
551 ,100.2006 ,1.69582 ,-1.79563 ,-17.61876 
552 ,100.3768 ,1.69759 ,-1.80248 ,-17.68592 
553 ,100.5527 ,1.69939 ,-1.79221 ,-17.58519 
554 ,100.7286 ,1.70114 ,-1.79906 ,-17.65234 
555 ,100.9045 ,1.70288 ,-1.80932 ,-17.75308 
556 ,101.0810 ,1.70468 ,-1.82301 ,-17.88739 
557 ,101.2729 ,1.70658 ,-1.81275 ,-17.78666 
558 ,101.4492 ,1.70833 ,-1.81275 ,-17.78666 
559 ,101.6412 ,1.71021 ,-1.83670 ,-18.02170 
560 ,101.8173 ,1.71203 ,-1.82986 ,-17.95455 
561 ,101.9932 ,1.71375 ,-1.82301 ,-17.88739 
562 ,102.1693 ,1.71549 ,-1.82986 ,-17.95455 
563 ,102.3455 ,1.71728 ,-1.83328 ,-17.98813 
564 ,102.5534 ,1.71927 ,-1.83328 ,-17.98813 
565 ,102.7298 ,1.72115 ,-1.84012 ,-18.05528 
566 ,102.9219 ,1.72305 ,-1.86066 ,-18.25675 
567 ,103.1138 ,1.72490 ,-1.86066 ,-18.25675 
568 ,103.2897 ,1.72675 ,-1.85381 ,-18.18960 
569 ,103.4655 ,1.72841 ,-1.86066 ,-18.25675 
570 ,103.6421 ,1.73022 ,-1.89146 ,-18.55896 
571 ,103.8179 ,1.73200 ,-1.89488 ,-18.59254 
572 ,103.9943 ,1.73378 ,-1.89488 ,-18.59254 
573 ,104.1861 ,1.73567 ,-1.89488 ,-18.59254 
574 ,104.3621 ,1.73744 ,-1.91199 ,-18.76043 
575 ,104.5543 ,1.73932 ,-1.90857 ,-18.72685 
576 ,104.7303 ,1.74114 ,-1.92910 ,-18.92832 
577 ,104.9065 ,1.74287 ,-1.93937 ,-19.02905 
578 ,105.0822 ,1.74472 ,-1.94963 ,-19.12979 
579 ,105.2586 ,1.74636 ,-1.95648 ,-19.19694 
580 ,105.4348 ,1.74812 ,-1.95648 ,-19.19694 
581 ,105.6108 ,1.74990 ,-1.96674 ,-19.29768 
582 ,105.7869 ,1.75168 ,-1.97359 ,-19.36484 
583 ,105.9629 ,1.75344 ,-1.98728 ,-19.49915 
584 ,106.1549 ,1.75533 ,-1.99070 ,-19.53273 
585 ,106.3310 ,1.75711 ,-1.98385 ,-19.46557 
586 ,106.5069 ,1.75885 ,-1.99412 ,-19.56631 
587 ,106.6831 ,1.76064 ,-2.02150 ,-19.83493 
588 ,106.8591 ,1.76243 ,-2.02834 ,-19.90209 
589 ,107.0511 ,1.76436 ,-2.02492 ,-19.86851 
590 ,107.2434 ,1.76621 ,-2.04887 ,-20.10356 
591 ,107.4193 ,1.76796 ,-2.05572 ,-20.17072 
592 ,107.5954 ,1.76976 ,-2.06256 ,-20.23787 
593 ,107.7716 ,1.77148 ,-2.05230 ,-20.13714 
594 ,107.9477 ,1.77325 ,-2.05572 ,-20.17072 
595 ,108.1238 ,1.77501 ,-2.08310 ,-20.43934 
596 ,108.2998 ,1.77676 ,-2.08994 ,-20.50650 
597 ,108.4917 ,1.77863 ,-2.09336 ,-20.54008 
598 ,108.6679 ,1.78046 ,-2.09679 ,-20.57366 
599 ,108.8441 ,1.78220 ,-2.09679 ,-20.57366 
600 ,109.0359 ,1.78411 ,-2.12758 ,-20.87586 
601 ,109.2282 ,1.78602 ,-2.12074 ,-20.80870 
602 ,109.4202 ,1.78794 ,-2.13785 ,-20.97659 
603 ,109.5964 ,1.78976 ,-2.14127 ,-21.01017 
604 ,109.7724 ,1.79154 ,-2.15496 ,-21.14449 
605 ,109.9806 ,1.79357 ,-2.15154 ,-21.11091 
606 ,110.1728 ,1.79550 ,-2.16523 ,-21.24522 
607 ,110.3487 ,1.79728 ,-2.16181 ,-21.21164 
608 ,110.5246 ,1.79897 ,-2.17549 ,-21.34596 
609 ,110.7009 ,1.80081 ,-2.17549 ,-21.34596 
610 ,110.8769 ,1.80259 ,-2.18576 ,-21.44669 
611 ,111.0530 ,1.80435 ,-2.20287 ,-21.61458 
612 ,111.2446 ,1.80628 ,-2.19945 ,-21.58100 
613 ,111.4210 ,1.80797 ,-2.22341 ,-21.81605 
614 ,111.5970 ,1.80977 ,-2.23025 ,-21.88321 
615 ,111.7732 ,1.81149 ,-2.22683 ,-21.84963 
616 ,111.9653 ,1.81339 ,-2.24052 ,-21.98394 
617 ,112.1415 ,1.81521 ,-2.24394 ,-22.01752 
618 ,112.3175 ,1.81695 ,-2.25078 ,-22.08468 
619 ,112.5092 ,1.81881 ,-2.25420 ,-22.11826 
620 ,112.6855 ,1.82062 ,-2.24736 ,-22.05110 
621 ,112.8614 ,1.82241 ,-2.26789 ,-22.25257 
622 ,113.0538 ,1.82432 ,-2.27474 ,-22.31973 
623 ,113.2456 ,1.82627 ,-2.26105 ,-22.18541 
624 ,113.4215 ,1.82798 ,-2.28158 ,-22.38688 
625 ,113.6137 ,1.82980 ,-2.27816 ,-22.35330 
626 ,113.8220 ,1.83196 ,-2.30212 ,-22.58835 
627 ,114.0139 ,1.83387 ,-2.30896 ,-22.65551 
628 ,114.2061 ,1.83582 ,-2.30896 ,-22.65551 
629 ,114.3820 ,1.83754 ,-2.31238 ,-22.68909 
630 ,114.5582 ,1.83932 ,-2.34660 ,-23.02487 
631 ,114.7343 ,1.84111 ,-2.33634 ,-22.92414 
632 ,114.9104 ,1.84283 ,-2.35003 ,-23.05845 
633 ,115.0865 ,1.84465 ,-2.35345 ,-23.09203 
634 ,115.2625 ,1.84640 ,-2.35003 ,-23.05845 
635 ,115.4543 ,1.84821 ,-2.37398 ,-23.29350 
636 ,115.6468 ,1.85010 ,-2.37740 ,-23.32708 
637 ,115.8388 ,1.85219 ,-2.38767 ,-23.42781 
638 ,116.0307 ,1.85404 ,-2.39109 ,-23.46139 
639 ,116.2068 ,1.85583 ,-2.39451 ,-23.49497 
640 ,116.3829 ,1.85761 ,-2.40136 ,-23.56212 
641 ,116.5586 ,1.85933 ,-2.40478 ,-23.59570 
642 ,116.7350 ,1.86114 ,-2.43216 ,-23.86433 
643 ,116.9271 ,1.86289 ,-2.42189 ,-23.76359 
644 ,117.1352 ,1.86500 ,-2.43900 ,-23.93149 
645 ,117.3272 ,1.86704 ,-2.44585 ,-23.99864 
646 ,117.5034 ,1.86873 ,-2.44242 ,-23.96506 
647 ,117.6954 ,1.87070 ,-2.46296 ,-24.16653 
648 ,117.8712 ,1.87245 ,-2.48007 ,-24.33442 
649 ,118.0476 ,1.87421 ,-2.46296 ,-24.16653 
650 ,118.2235 ,1.87603 ,-2.47322 ,-24.26727 
651 ,118.3996 ,1.87770 ,-2.48349 ,-24.36800 
652 ,118.5918 ,1.87961 ,-2.47665 ,-24.30085 
653 ,118.7838 ,1.88160 ,-2.48691 ,-24.40158 
654 ,118.9759 ,1.88351 ,-2.49718 ,-24.50232 
655 ,119.1520 ,1.88526 ,-2.51429 ,-24.67021 
656 ,119.3281 ,1.88705 ,-2.51087 ,-24.63663 
657 ,119.5200 ,1.88892 ,-2.50060 ,-24.53589 
658 ,119.6959 ,1.89070 ,-2.51087 ,-24.63663 
659 ,119.8723 ,1.89252 ,-2.53140 ,-24.83810 
660 ,120.0644 ,1.89441 ,-2.51771 ,-24.70379 
661 ,120.2405 ,1.89613 ,-2.51771 ,-24.70379 
662 ,120.4332 ,1.89804 ,-2.54509 ,-24.97241 
663 ,120.6086 ,1.89984 ,-2.55536 ,-25.07315 
664 ,120.8168 ,1.90185 ,-2.56562 ,-25.17388 
665 ,121.0087 ,1.90380 ,-2.56904 ,-25.20746 
666 ,121.1848 ,1.90561 ,-2.55878 ,-25.10673 
667 ,121.3608 ,1.90731 ,-2.56220 ,-25.14030 
668 ,121.5369 ,1.90909 ,-2.57931 ,-25.30820 
669 ,121.7129 ,1.91086 ,-2.58958 ,-25.40893 
670 ,121.8889 ,1.91255 ,-2.58958 ,-25.40893 
671 ,122.0811 ,1.91449 ,-2.58273 ,-25.34177 
672 ,122.2572 ,1.91631 ,-2.59300 ,-25.44251 
673 ,122.4339 ,1.91810 ,-2.60669 ,-25.57682 
674 ,122.6093 ,1.91986 ,-2.61353 ,-25.64398 
675 ,122.7851 ,1.92155 ,-2.62038 ,-25.71114 
676 ,122.9611 ,1.92335 ,-2.62380 ,-25.74471 
677 ,123.1372 ,1.92508 ,-2.62380 ,-25.74471 
678 ,123.3137 ,1.92689 ,-2.63407 ,-25.84545 
679 ,123.5058 ,1.92878 ,-2.62380 ,-25.74471 
680 ,123.6818 ,1.93052 ,-2.62722 ,-25.77829 
681 ,123.8735 ,1.93237 ,-2.63407 ,-25.84545 
682 ,124.0499 ,1.93425 ,-2.65460 ,-26.04692 
683 ,124.2423 ,1.93616 ,-2.63407 ,-25.84545 
684 ,124.4180 ,1.93792 ,-2.64433 ,-25.94618 
685 ,124.5942 ,1.93963 ,-2.65460 ,-26.04692 
686 ,124.7702 ,1.94141 ,-2.66144 ,-26.11407 
687 ,124.9462 ,1.94318 ,-2.66144 ,-26.11407 
688 ,125.1225 ,1.94492 ,-2.64775 ,-25.97976 
689 ,125.2985 ,1.94674 ,-2.66144 ,-26.11407 
690 ,125.4743 ,1.94850 ,-2.66829 ,-26.18123 
691 ,125.6668 ,1.95028 ,-2.67855 ,-26.28197 
692 ,125.8588 ,1.95237 ,-2.66486 ,-26.14765 
693 ,126.0508 ,1.95419 ,-2.68198 ,-26.31554 
694 ,126.2269 ,1.95600 ,-2.67855 ,-26.28197 
695 ,126.4189 ,1.95792 ,-2.67171 ,-26.21481 
696 ,126.5785 ,1.95960 ,-2.70251 ,-26.51701 
697 ,126.7388 ,1.96120 ,-2.68198 ,-26.31554 
698 ,126.8987 ,1.96283 ,-2.67855 ,-26.28197 
699 ,127.0587 ,1.96439 ,-2.67855 ,-26.28197 
700 ,127.2189 ,1.96602 ,-2.68198 ,-26.31554 
701 ,127.3789 ,1.96760 ,-2.68540 ,-26.34912 
702 ,127.5551 ,1.96925 ,-2.69224 ,-26.41628 
703 ,127.7310 ,1.97104 ,-2.70593 ,-26.55059 
704 ,127.8912 ,1.97276 ,-2.70935 ,-26.58417 
705 ,128.0672 ,1.97433 ,-2.71962 ,-26.68491 
706 ,128.2433 ,1.97614 ,-2.72989 ,-26.78564 
707 ,128.4033 ,1.97787 ,-2.71278 ,-26.61775 
708 ,128.5634 ,1.97945 ,-2.71962 ,-26.68491 
709 ,128.7234 ,1.98110 ,-2.73331 ,-26.81922 
710 ,128.8836 ,1.98267 ,-2.74357 ,-26.91995 
711 ,129.0437 ,1.98426 ,-2.75042 ,-26.98711 
712 ,129.2037 ,1.98585 ,-2.75384 ,-27.02069 
713 ,129.3637 ,1.98745 ,-2.75726 ,-27.05427 
714 ,129.5238 ,1.98904 ,-2.76069 ,-27.08785 
715 ,129.6839 ,1.99064 ,-2.77780 ,-27.25574 
716 ,129.8600 ,1.99226 ,-2.77780 ,-27.25574 
717 ,130.0361 ,1.99405 ,-2.77780 ,-27.25574 
718 ,130.1960 ,1.99577 ,-2.79491 ,-27.42363 
719 ,130.3562 ,1.99739 ,-2.80517 ,-27.52436 
720 ,130.5163 ,1.99898 ,-2.80175 ,-27.49079 
721 ,130.6763 ,2.00057 ,-2.80860 ,-27.55794 
722 ,130.8526 ,2.00222 ,-2.80860 ,-27.55794 
723 ,131.0288 ,2.00396 ,-2.82913 ,-27.75941 
724 ,131.2047 ,2.00577 ,-2.83940 ,-27.86015 
725 ,131.3805 ,2.00752 ,-2.83255 ,-27.79299 
726 ,131.5566 ,2.00926 ,-2.82571 ,-27.72583 
727 ,131.7327 ,2.01105 ,-2.84966 ,-27.96088 
728 ,131.9252 ,2.01284 ,-2.85993 ,-28.06162 
729 ,132.1331 ,2.01500 ,-2.86335 ,-28.09519 
730 ,132.3094 ,2.01681 ,-2.88046 ,-28.26309 
731 ,132.5012 ,2.01874 ,-2.86677 ,-28.12877 
732 ,132.6775 ,2.02052 ,-2.88046 ,-28.26309 
733 ,132.8533 ,2.02224 ,-2.87704 ,-28.22951 
734 ,133.0457 ,2.02411 ,-2.89757 ,-28.43098 
735 ,133.2218 ,2.02590 ,-2.89757 ,-28.43098 
736 ,133.4139 ,2.02777 ,-2.90099 ,-28.46456 
737 ,133.6219 ,2.02981 ,-2.92153 ,-28.66603 
738 ,133.7980 ,2.03169 ,-2.90784 ,-28.53171 
739 ,133.9899 ,2.03352 ,-2.93522 ,-28.80034 
740 ,134.1661 ,2.03535 ,-2.94890 ,-28.93465 
741 ,134.3422 ,2.03708 ,-2.93522 ,-28.80034 
742 ,134.5179 ,2.03887 ,-2.94206 ,-28.86750 
743 ,134.6944 ,2.04064 ,-2.93864 ,-28.83392 
744 ,134.8705 ,2.04241 ,-2.94890 ,-28.93465 
745 ,135.0465 ,2.04413 ,-2.96944 ,-29.13612 
746 ,135.2224 ,2.04596 ,-2.98655 ,-29.30401 
747 ,135.3983 ,2.04766 ,-2.96944 ,-29.13612 
748 ,135.5747 ,2.04948 ,-2.97286 ,-29.16970 
749 ,135.7829 ,2.05148 ,-2.98997 ,-29.33759 
750 ,135.9588 ,2.05329 ,-2.97628 ,-29.20328 
751 ,136.1351 ,2.05502 ,-2.98997 ,-29.33759 
752 ,136.3110 ,2.05677 ,-2.99681 ,-29.40475 
753 ,136.4872 ,2.05852 ,-2.99339 ,-29.37117 
754 ,136.6632 ,2.06033 ,-3.00366 ,-29.47190 
755 ,136.8394 ,2.06208 ,-3.00366 ,-29.47190 
756 ,137.0154 ,2.06384 ,-3.00708 ,-29.50548 
757 ,137.2233 ,2.06582 ,-3.02419 ,-29.67337 
758 ,137.3995 ,2.06765 ,-3.02077 ,-29.63980 
759 ,137.5594 ,2.06937 ,-3.02077 ,-29.63980 
760 ,137.7356 ,2.07109 ,-3.02761 ,-29.70695 
761 ,137.9117 ,2.07278 ,-3.02077 ,-29.63980 
762 ,138.0878 ,2.07454 ,-3.05499 ,-29.97558 
763 ,138.2639 ,2.07630 ,-3.04815 ,-29.90842 
764 ,138.4400 ,2.07805 ,-3.04815 ,-29.90842 
765 ,138.6161 ,2.07980 ,-3.04473 ,-29.87484 
766 ,138.7918 ,2.08171 ,-3.06868 ,-30.10989 
767 ,138.9682 ,2.08340 ,-3.05841 ,-30.00916 
768 ,139.1603 ,2.08517 ,-3.07552 ,-30.17705 
769 ,139.3364 ,2.08702 ,-3.06184 ,-30.04274 
770 ,139.5282 ,2.08893 ,-3.07895 ,-30.21063 
771 ,139.7205 ,2.09076 ,-3.09264 ,-30.34494 
772 ,139.9122 ,2.09280 ,-3.06868 ,-30.10989 
773 ,140.0887 ,2.09451 ,-3.08921 ,-30.31136 
774 ,140.2808 ,2.09649 ,-3.10290 ,-30.44568 
775 ,140.4728 ,2.09834 ,-3.09948 ,-30.41210 
776 ,140.6487 ,2.10016 ,-3.08921 ,-30.31136 
777 ,140.8248 ,2.10190 ,-3.10290 ,-30.44568 
778 ,141.0009 ,2.10368 ,-3.13370 ,-30.74788 
779 ,141.1927 ,2.10557 ,-3.10290 ,-30.44568 
780 ,141.3692 ,2.10735 ,-3.11317 ,-30.54641 
781 ,141.5610 ,2.10924 ,-3.13712 ,-30.78146 
782 ,141.7372 ,2.11105 ,-3.14739 ,-30.88219 
783 ,141.9134 ,2.11277 ,-3.13028 ,-30.71430 
784 ,142.0894 ,2.11456 ,-3.13712 ,-30.78146 
785 ,142.2814 ,2.11644 ,-3.16792 ,-31.08366 
786 ,142.4576 ,2.11822 ,-3.15766 ,-30.98293 
787 ,142.6496 ,2.12013 ,-3.15766 ,-30.98293 
788 ,142.8417 ,2.12200 ,-3.16792 ,-31.08366 
789 ,143.0338 ,2.12394 ,-3.17135 ,-31.11724 
790 ,143.2098 ,2.12574 ,-3.17135 ,-31.11724 
791 ,143.3859 ,2.12749 ,-3.18846 ,-31.28513 
792 ,143.5779 ,2.12940 ,-3.20214 ,-31.41945 
793 ,143.7538 ,2.13117 ,-3.19188 ,-31.31871 
794 ,143.9302 ,2.13294 ,-3.18503 ,-31.25155 
795 ,144.1059 ,2.13474 ,-3.20557 ,-31.45302 
796 ,144.2984 ,2.13650 ,-3.21241 ,-31.52018 
797 ,144.4742 ,2.13839 ,-3.22268 ,-31.62092 
798 ,144.6502 ,2.14017 ,-3.20557 ,-31.45302 
799 ,144.8264 ,2.14189 ,-3.20557 ,-31.45302 
800 ,145.0187 ,2.14374 ,-3.21926 ,-31.58734 
801 ,145.1946 ,2.14560 ,-3.22952 ,-31.68807 
802 ,145.3709 ,2.14737 ,-3.21241 ,-31.52018 
803 ,145.5628 ,2.14927 ,-3.23637 ,-31.75523 
804 ,145.7386 ,2.15102 ,-3.24321 ,-31.82239 
805 ,145.9150 ,2.15278 ,-3.24321 ,-31.82239 
806 ,146.0910 ,2.15456 ,-3.23294 ,-31.72165 
807 ,146.2671 ,2.15629 ,-3.24663 ,-31.85596 
808 ,146.4593 ,2.15820 ,-3.25006 ,-31.88954 
809 ,146.6354 ,2.16003 ,-3.26717 ,-32.05743 
810 ,146.8269 ,2.16189 ,-3.23637 ,-31.75523 
811 ,147.0034 ,2.16370 ,-3.26374 ,-32.02386 
812 ,147.1952 ,2.16559 ,-3.26032 ,-31.99028 
813 ,147.3716 ,2.16731 ,-3.25348 ,-31.92312 
814 ,147.5475 ,2.16913 ,-3.26374 ,-32.02386 
815 ,147.7238 ,2.17087 ,-3.27059 ,-32.09101 
816 ,147.9158 ,2.17279 ,-3.29112 ,-32.29248 
817 ,148.0758 ,2.17451 ,-3.28085 ,-32.19175 
818 ,148.2519 ,2.17613 ,-3.28085 ,-32.19175 
819 ,148.4445 ,2.17811 ,-3.28770 ,-32.25890 
820 ,148.6362 ,2.18001 ,-3.30139 ,-32.39322 
821 ,148.8121 ,2.18180 ,-3.30139 ,-32.39322 
822 ,148.9882 ,2.18346 ,-3.29797 ,-32.35964 
823 ,149.1642 ,2.18523 ,-3.30481 ,-32.42680 
824 ,149.3406 ,2.18700 ,-3.32877 ,-32.66184 
825 ,149.5332 ,2.18899 ,-3.32192 ,-32.59469 
826 ,149.7086 ,2.19074 ,-3.31850 ,-32.56111 
827 ,149.9002 ,2.19263 ,-3.33561 ,-32.72900 
828 ,150.0767 ,2.19437 ,-3.33561 ,-32.72900 
829 ,150.2686 ,2.19627 ,-3.32534 ,-32.62827 
830 ,150.4453 ,2.19805 ,-3.33561 ,-32.72900 
831 ,150.6527 ,2.20005 ,-3.34930 ,-32.86331 
832 ,150.8452 ,2.20208 ,-3.34588 ,-32.82973 
833 ,151.0207 ,2.20387 ,-3.36641 ,-33.03120 
834 ,151.1971 ,2.20557 ,-3.37325 ,-33.09836 
835 ,151.3732 ,2.20738 ,-3.36983 ,-33.06478 
836 ,151.5491 ,2.20912 ,-3.36641 ,-33.03120 
837 ,151.7254 ,2.21088 ,-3.36641 ,-33.03120 
838 ,151.9013 ,2.21261 ,-3.37668 ,-33.13194 
839 ,152.0772 ,2.21449 ,-3.38352 ,-33.19910 
840 ,152.2537 ,2.21616 ,-3.38010 ,-33.16552 
841 ,152.4297 ,2.21789 ,-3.36983 ,-33.06478 
842 ,152.6053 ,2.21968 ,-3.36299 ,-32.99763 
843 ,152.7817 ,2.22140 ,-3.37325 ,-33.09836 
844 ,152.9579 ,2.22322 ,-3.38352 ,-33.19910 
845 ,153.1337 ,2.22497 ,-3.35956 ,-32.96405 
846 ,153.3098 ,2.22668 ,-3.34588 ,-32.82973 
847 ,153.4861 ,2.22846 ,-3.34930 ,-32.86331 
848 ,153.6782 ,2.23037 ,-3.35614 ,-32.93047 
849 ,153.8542 ,2.23219 ,-3.36299 ,-32.99763 
850 ,154.0464 ,2.23398 ,-3.36983 ,-33.06478 
851 ,154.2223 ,2.23585 ,-3.36983 ,-33.06478 
852 ,154.3984 ,2.23758 ,-3.37668 ,-33.13194 
853 ,154.5745 ,2.23933 ,-3.39036 ,-33.26625 
854 ,154.7505 ,2.24109 ,-3.38694 ,-33.23267 
855 ,154.9432 ,2.24296 ,-3.38694 ,-33.23267 
856 ,155.1667 ,2.24513 ,-3.38694 ,-33.23267 
857 ,155.3587 ,2.24714 ,-3.41432 ,-33.50130 
858 ,155.5505 ,2.24914 ,-3.41432 ,-33.50130 
859 ,155.7269 ,2.25086 ,-3.40747 ,-33.43414 
860 ,155.9029 ,2.25264 ,-3.41774 ,-33.53488 
861 ,156.0791 ,2.25434 ,-3.43485 ,-33.70277 
862 ,156.2871 ,2.25640 ,-3.42116 ,-33.56846 
863 ,156.4629 ,2.25822 ,-3.43485 ,-33.70277 
864 ,156.6392 ,2.25997 ,-3.45196 ,-33.87066 
865 ,156.8152 ,2.26175 ,-3.45196 ,-33.87066 
866 ,156.9914 ,2.26348 ,-3.45539 ,-33.90424 
867 ,157.1675 ,2.26530 ,-3.44512 ,-33.80351 
868 ,157.3596 ,2.26721 ,-3.47934 ,-34.13929 
869 ,157.5515 ,2.26911 ,-3.47250 ,-34.07213 
870 ,157.7277 ,2.27087 ,-3.48276 ,-34.17287 
871 ,157.9195 ,2.27281 ,-3.48961 ,-34.24002 
872 ,158.0959 ,2.27460 ,-3.49987 ,-34.34076 
873 ,158.2718 ,2.27629 ,-3.50330 ,-34.37434 
874 ,158.4640 ,2.27815 ,-3.49303 ,-34.27360 
875 ,158.6562 ,2.28019 ,-3.51014 ,-34.44149 
876 ,158.8321 ,2.28195 ,-3.52383 ,-34.57581 
877 ,159.0241 ,2.28379 ,-3.51698 ,-34.50865 
878 ,159.2004 ,2.28558 ,-3.51014 ,-34.44149 
879 ,159.3760 ,2.28737 ,-3.52383 ,-34.57581 
880 ,159.5682 ,2.28916 ,-3.53067 ,-34.64296 
881 ,159.7445 ,2.29107 ,-3.52383 ,-34.57581 
882 ,159.9204 ,2.29291 ,-3.54094 ,-34.74370 
883 ,160.0967 ,2.29457 ,-3.54436 ,-34.77728 
884 ,160.2727 ,2.29634 ,-3.55121 ,-34.84443 
885 ,160.4484 ,2.29819 ,-3.54778 ,-34.81085 
886 ,160.6249 ,2.29979 ,-3.54778 ,-34.81085 
887 ,160.8009 ,2.30161 ,-3.55121 ,-34.84443 
888 ,160.9769 ,2.30332 ,-3.55805 ,-34.91159 
889 ,161.1531 ,2.30508 ,-3.58201 ,-35.14664 
890 ,161.3292 ,2.30689 ,-3.57516 ,-35.07948 
891 ,161.5048 ,2.30861 ,-3.57174 ,-35.04590 
892 ,161.6972 ,2.31044 ,-3.58201 ,-35.14664 
893 ,161.8894 ,2.31251 ,-3.58885 ,-35.21379 
894 ,162.0654 ,2.31425 ,-3.57858 ,-35.11306 
895 ,162.2573 ,2.31603 ,-3.58201 ,-35.14664 
896 ,162.4497 ,2.31797 ,-3.61280 ,-35.44884 
897 ,162.6417 ,2.31999 ,-3.59569 ,-35.28095 
898 ,162.8337 ,2.32193 ,-3.61623 ,-35.48242 
899 ,162.9937 ,2.32361 ,-3.61965 ,-35.51600 
900 ,163.1699 ,2.32525 ,-3.62307 ,-35.54958 
901 ,163.3619 ,2.32718 ,-3.61623 ,-35.48242 
902 ,163.5537 ,2.32912 ,-3.62992 ,-35.61673 
903 ,163.7300 ,2.33091 ,-3.63676 ,-35.68389 
904 ,163.9061 ,2.33261 ,-3.60938 ,-35.41526 
905 ,164.0822 ,2.33439 ,-3.61623 ,-35.48242 
906 ,164.2584 ,2.33616 ,-3.62992 ,-35.61673 
907 ,164.4502 ,2.33805 ,-3.64018 ,-35.71747 
908 ,164.6260 ,2.33980 ,-3.62307 ,-35.54958 
909 ,164.8025 ,2.34162 ,-3.62649 ,-35.58316 
910 ,164.9785 ,2.34337 ,-3.63676 ,-35.68389 
911 ,165.1706 ,2.34527 ,-3.65045 ,-35.81820 
912 ,165.3469 ,2.34703 ,-3.65387 ,-35.85178 
913 ,165.5545 ,2.34900 ,-3.64018 ,-35.71747 
914 ,165.7310 ,2.35088 ,-3.66072 ,-35.91894 
915 ,165.9389 ,2.35293 ,-3.66072 ,-35.91894 
916 ,166.1149 ,2.35468 ,-3.65729 ,-35.88536 
917 ,166.2911 ,2.35645 ,-3.67098 ,-36.01967 
918 ,166.4670 ,2.35827 ,-3.66414 ,-35.95252 
919 ,166.6430 ,2.35999 ,-3.65045 ,-35.81820 
920 ,166.8353 ,2.36184 ,-3.66414 ,-35.95252 
921 ,167.0274 ,2.36388 ,-3.67440 ,-36.05325 
922 ,167.2032 ,2.36558 ,-3.67783 ,-36.08683 
923 ,167.3955 ,2.36744 ,-3.67098 ,-36.01967 
924 ,167.5877 ,2.36937 ,-3.68125 ,-36.12041 
925 ,167.7634 ,2.37118 ,-3.68809 ,-36.18756 
926 ,167.9404 ,2.37297 ,-3.68467 ,-36.15399 
927 ,168.1156 ,2.37472 ,-3.71547 ,-36.45619 
928 ,168.3239 ,2.37675 ,-3.70520 ,-36.35546 
929 ,168.4999 ,2.37857 ,-3.70863 ,-36.38903 
930 ,168.6760 ,2.38029 ,-3.71547 ,-36.45619 
931 ,168.8517 ,2.38208 ,-3.72574 ,-36.55693 
932 ,169.0280 ,2.38383 ,-3.75311 ,-36.82555 
933 ,169.2041 ,2.38561 ,-3.72231 ,-36.52335 
934 ,169.3804 ,2.38739 ,-3.72574 ,-36.55693 
935 ,169.5562 ,2.38912 ,-3.73258 ,-36.62408 
936 ,169.7482 ,2.39105 ,-3.74627 ,-36.75840 
937 ,169.9241 ,2.39293 ,-3.74627 ,-36.75840 
938 ,170.1006 ,2.39450 ,-3.75311 ,-36.82555 
939 ,170.2767 ,2.39632 ,-3.75996 ,-36.89271 
940 ,170.4848 ,2.39826 ,-3.75996 ,-36.89271 
941 ,170.6608 ,2.40017 ,-3.75996 ,-36.89271 
942 ,170.8529 ,2.40210 ,-3.78049 ,-37.09418 
943 ,171.0290 ,2.40383 ,-3.79418 ,-37.22849 
944 ,171.2210 ,2.40575 ,-3.77022 ,-36.99344 
945 ,171.3970 ,2.40753 ,-3.78734 ,-37.16134 
946 ,171.5730 ,2.40927 ,-3.79760 ,-37.26207 
947 ,171.7493 ,2.41106 ,-3.81471 ,-37.42996 
948 ,171.9413 ,2.41293 ,-3.79760 ,-37.26207 
949 ,172.1333 ,2.41481 ,-3.79760 ,-37.26207 
950 ,172.3255 ,2.41674 ,-3.80445 ,-37.32923 
951 ,172.5177 ,2.41861 ,-3.81471 ,-37.42996 
952 ,172.7256 ,2.42071 ,-3.82840 ,-37.56428 
953 ,172.9177 ,2.42265 ,-3.83525 ,-37.63143 
954 ,173.0938 ,2.42447 ,-3.83182 ,-37.59785 
955 ,173.2699 ,2.42625 ,-3.83182 ,-37.59785 
956 ,173.4465 ,2.42798 ,-3.82840 ,-37.56428 
957 ,173.6219 ,2.42988 ,-3.83182 ,-37.59785 
958 ,173.7980 ,2.43151 ,-3.83867 ,-37.66501 
959 ,173.9901 ,2.43340 ,-3.85236 ,-37.79932 
960 ,174.1822 ,2.43528 ,-3.85920 ,-37.86648 
961 ,174.3744 ,2.43730 ,-3.85236 ,-37.79932 
962 ,174.5663 ,2.43926 ,-3.85236 ,-37.79932 
963 ,174.7426 ,2.44095 ,-3.86947 ,-37.96721 
964 ,174.9185 ,2.44276 ,-3.85578 ,-37.83290 
965 ,175.0946 ,2.44447 ,-3.86947 ,-37.96721 
966 ,175.2707 ,2.44619 ,-3.86262 ,-37.90006 
967 ,175.4473 ,2.44802 ,-3.89000 ,-38.16868 
968 ,175.6389 ,2.44993 ,-3.87631 ,-38.03437 
969 ,175.8309 ,2.45180 ,-3.89000 ,-38.16868 
970 ,176.0069 ,2.45361 ,-3.89342 ,-38.20226 
971 ,176.1830 ,2.45534 ,-3.88658 ,-38.13511 
972 ,176.3592 ,2.45710 ,-3.87631 ,-38.03437 
973 ,176.5350 ,2.45891 ,-3.88316 ,-38.10153 
974 ,176.7112 ,2.46062 ,-3.91396 ,-38.40373 
975 ,176.8872 ,2.46244 ,-3.91053 ,-38.37015 
976 ,177.0634 ,2.46414 ,-3.90027 ,-38.26942 
977 ,177.2554 ,2.46610 ,-3.91738 ,-38.43731 
978 ,177.4475 ,2.46801 ,-3.93107 ,-38.57162 
979 ,177.6234 ,2.46976 ,-3.92080 ,-38.47089 
980 ,177.7997 ,2.47149 ,-3.91396 ,-38.40373 
981 ,177.9757 ,2.47330 ,-3.93791 ,-38.63878 
982 ,178.1517 ,2.47500 ,-3.94818 ,-38.73952 
983 ,178.3279 ,2.47682 ,-3.93791 ,-38.63878 
984 ,178.5039 ,2.47854 ,-3.96187 ,-38.87383 
985 ,178.7121 ,2.48059 ,-3.94818 ,-38.73952 
986 ,178.8881 ,2.48244 ,-3.95844 ,-38.84025 
987 ,179.0802 ,2.48433 ,-3.95160 ,-38.77309 
988 ,179.2559 ,2.48607 ,-3.94818 ,-38.73952 
989 ,179.4323 ,2.48783 ,-3.96871 ,-38.94099 
990 ,179.6079 ,2.48962 ,-3.98240 ,-39.07530 
991 ,179.7842 ,2.49140 ,-3.96529 ,-38.90741 
992 ,179.9603 ,2.49311 ,-3.96871 ,-38.94099 
993 ,180.1366 ,2.49490 ,-3.96529 ,-38.90741 
994 ,180.3126 ,2.49668 ,-3.97213 ,-38.97456 
995 ,180.4887 ,2.49841 ,-3.97898 ,-39.04172 
996 ,180.6806 ,2.50034 ,-3.97213 ,-38.97456 
997 ,180.8567 ,2.50211 ,-3.96529 ,-38.90741 
998 ,181.0327 ,2.50388 ,-3.96187 ,-38.87383 
999 ,181.2089 ,2.50557 ,-3.97213 ,-38.97456 
1000 ,181.3850 ,2.50729 ,-3.96529 ,-38.90741 
1001 ,181.5611 ,2.50911 ,-3.95844 ,-38.84025 
1002 ,181.7532 ,2.51090 ,-3.94133 ,-38.67236 
1003 ,181.9291 ,2.51283 ,-3.89000 ,-38.16868 
1004 ,182.1212 ,2.51460 ,-3.73600 ,-36.65766 
1005 ,182.2972 ,2.51648 ,-3.52041 ,-34.54223 
1006 ,182.4735 ,2.51825 ,-3.28770 ,-32.25890 
1007 ,182.6654 ,2.52014 ,0.19949 ,1.95738 
1008 ,182.8416 ,2.52194 ,0.20633 ,2.02454 
1009 ,183.0177 ,2.52366 ,0.20976 ,2.05812 
1010 ,183.1934 ,2.52549 ,0.22002 ,2.15885 
1011 ,183.3697 ,2.52721 ,0.19607 ,1.92381 
1012 ,183.5619 ,2.52901 ,0.19607 ,1.92381 
1013 ,183.7540 ,2.53103 ,0.20633 ,2.02454 
1014 ,183.9300 ,2.53279 ,0.19607 ,1.92381 
1015 ,184.1061 ,2.53457 ,0.19949 ,1.95738 
1016 ,184.2822 ,2.53628 ,0.20976 ,2.05812 
1017 ,184.4578 ,2.53819 ,0.21660 ,2.12528 
1018 ,184.6342 ,2.53982 ,0.22002 ,2.15885 
1019 ,184.8104 ,2.54161 ,0.19607 ,1.92381 
1020 ,185.0022 ,2.54351 ,0.19264 ,1.89023 
1021 ,185.1785 ,2.54529 ,0.21318 ,2.09170 
1022 ,185.3705 ,2.54718 ,0.20633 ,2.02454 
1023 ,185.5466 ,2.54894 ,0.19949 ,1.95738 
1024 ,185.7226 ,2.55072 ,0.18922 ,1.85665 
1025 ,185.8988 ,2.55247 ,0.19949 ,1.95738 
1026 ,186.0749 ,2.55426 ,0.20976 ,2.05812 
1027 ,186.2506 ,2.55598 ,0.20291 ,1.99096 
1028 ,186.4431 ,2.55788 ,0.20976 ,2.05812 
1029 ,186.6188 ,2.55966 ,0.19949 ,1.95738 
1030 ,186.7952 ,2.56144 ,0.20976 ,2.05812 
1031 ,186.9873 ,2.56324 ,0.21318 ,2.09170 
1032 ,187.1794 ,2.56523 ,0.22002 ,2.15885 
1033 ,187.3555 ,2.56709 ,0.21318 ,2.09170 
1034 ,187.5474 ,2.56897 ,0.19607 ,1.92381 
1035 ,187.7236 ,2.57075 ,0.19607 ,1.92381 
1036 ,187.9156 ,2.57267 ,0.20633 ,2.02454 
1037 ,188.0915 ,2.57436 ,0.22002 ,2.15885 
1038 ,188.2994 ,2.57638 ,0.20633 ,2.02454 
1039 ,188.4758 ,2.57824 ,0.20633 ,2.02454 
1040 ,188.6677 ,2.58015 ,0.19264 ,1.89023 
1041 ,188.8596 ,2.58206 ,0.21318 ,2.09170 
1042 ,189.0360 ,2.58381 ,0.21318 ,2.09170 
1043 ,189.2280 ,2.58578 ,0.19607 ,1.92381 
1044 ,189.4042 ,2.58753 ,0.19607 ,1.92381 
1045 ,189.5958 ,2.58946 ,0.21660 ,2.12528 
1046 ,189.7723 ,2.59117 ,0.20291 ,1.99096 
1047 ,189.9643 ,2.59309 ,0.19607 ,1.92381 
1048 ,190.1404 ,2.59489 ,0.20633 ,2.02454 
1049 ,190.3166 ,2.59665 ,0.18922 ,1.85665 
1050 ,190.4926 ,2.59840 ,0.22002 ,2.15885 
1051 ,190.6687 ,2.60009 ,0.20291 ,1.99096 
1052 ,190.8607 ,2.60209 ,0.19949 ,1.95738 
1053 ,191.0529 ,2.60401 ,0.22002 ,2.15885 
1054 ,191.2285 ,2.60572 ,0.19949 ,1.95738 
1055 ,191.4050 ,2.60751 ,0.19264 ,1.89023 
1056 ,191.5809 ,2.60930 ,0.20633 ,2.02454 
1057 ,191.7572 ,2.61107 ,0.19607 ,1.92381 
1058 ,191.9488 ,2.61286 ,0.20976 ,2.05812 
1059 ,192.1248 ,2.61470 ,0.18922 ,1.85665 
1060 ,192.2849 ,2.61642 ,0.19264 ,1.89023 
1061 ,192.4614 ,2.61808 ,0.19949 ,1.95738 
1062 ,192.6534 ,2.61994 ,0.19607 ,1.92381 
1063 ,192.8454 ,2.62191 ,0.20291 ,1.99096 
1064 ,193.0374 ,2.62376 ,0.19607 ,1.92381 
1065 ,193.2137 ,2.62563 ,0.20633 ,2.02454 
1066 ,193.3897 ,2.62735 ,0.20976 ,2.05812 
1067 ,193.5659 ,2.62910 ,0.19607 ,1.92381 
1068 ,193.7579 ,2.63101 ,0.21660 ,2.12528 
1069 ,193.9500 ,2.63284 ,0.20976 ,2.05812 
1070 ,194.1419 ,2.63487 ,0.19949 ,1.95738 
1071 ,194.3181 ,2.63663 ,0.20633 ,2.02454 
1072 ,194.4943 ,2.63838 ,0.20976 ,2.05812 
1073 ,194.6703 ,2.64014 ,0.20976 ,2.05812 
1074 ,194.8624 ,2.64208 ,0.19607 ,1.92381 
1075 ,195.0545 ,2.64401 ,0.22002 ,2.15885 
1076 ,195.2307 ,2.64576 ,0.20976 ,2.05812 
1077 ,195.4066 ,2.64755 ,0.20633 ,2.02454 
1078 ,195.5826 ,2.64927 ,0.19607 ,1.92381 
1079 ,195.7747 ,2.65110 ,0.19607 ,1.92381 
1080 ,195.9667 ,2.65313 ,0.20633 ,2.02454 
1081 ,196.1589 ,2.65501 ,0.21660 ,2.12528 
1082 ,196.3350 ,2.65682 ,0.21318 ,2.09170 
1083 ,196.5108 ,2.65857 ,0.21318 ,2.09170 
1084 ,196.6872 ,2.66035 ,0.20291 ,1.99096 
1085 ,196.8951 ,2.66228 ,0.20291 ,1.99096 
1086 ,197.0714 ,2.66412 ,0.20976 ,2.05812 
1087 ,197.2631 ,2.66606 ,0.19264 ,1.89023 
1088 ,197.4399 ,2.66782 ,0.20291 ,1.99096 
1089 ,197.6155 ,2.66956 ,0.21318 ,2.09170 
1090 ,197.7917 ,2.67138 ,0.20976 ,2.05812 
1091 ,197.9835 ,2.67326 ,0.19607 ,1.92381 
1092 ,198.1437 ,2.67495 ,0.20291 ,1.99096 
1093 ,198.3196 ,2.67664 ,0.19949 ,1.95738 
1094 ,198.4957 ,2.67845 ,0.19607 ,1.92381 
1095 ,198.6719 ,2.68014 ,0.21660 ,2.12528 
1096 ,198.8481 ,2.68189 ,0.21660 ,2.12528 
1097 ,199.0402 ,2.68374 ,0.19949 ,1.95738 
1098 ,199.2160 ,2.68558 ,0.19949 ,1.95738 
1099 ,199.4083 ,2.68747 ,0.21660 ,2.12528 
1100 ,199.5842 ,2.68929 ,0.19949 ,1.95738 
1101 ,199.7603 ,2.69106 ,0.19607 ,1.92381 
1102 ,199.9363 ,2.69278 ,0.20976 ,2.05812 
1103 ,200.1126 ,2.69458 ,0.21318 ,2.09170 
1104 ,200.3046 ,2.69649 ,0.20291 ,1.99096 
1105 ,200.4807 ,2.69826 ,0.19607 ,1.92381 
1106 ,200.6568 ,2.69998 ,0.19949 ,1.95738 
1107 ,200.8489 ,2.70189 ,0.22002 ,2.15885 
1108 ,201.0248 ,2.70369 ,0.20291 ,1.99096 
1109 ,201.2005 ,2.70543 ,0.20633 ,2.02454 
1110 ,201.3769 ,2.70722 ,0.21318 ,2.09170 
1111 ,201.5689 ,2.70920 ,0.19949 ,1.95738 
1112 ,201.7452 ,2.71088 ,0.19949 ,1.95738 
1113 ,201.9212 ,2.71269 ,0.20291 ,1.99096 
1114 ,202.1132 ,2.71449 ,0.20291 ,1.99096 
1115 ,202.2893 ,2.71627 ,0.20976 ,2.05812 
1116 ,202.4654 ,2.71808 ,0.20633 ,2.02454 
1117 ,202.6571 ,2.72002 ,0.19607 ,1.92381 
1118 ,202.8335 ,2.72175 ,0.20633 ,2.02454 
1119 ,203.0256 ,2.72362 ,0.19949 ,1.95738 
1120 ,203.2175 ,2.72553 ,0.20976 ,2.05812 
1121 ,203.3937 ,2.72733 ,0.20976 ,2.05812 
1122 ,203.5699 ,2.72914 ,0.20291 ,1.99096 
1123 ,203.7460 ,2.73083 ,0.21660 ,2.12528 
1124 ,203.9385 ,2.73282 ,0.19949 ,1.95738 
1125 ,204.1301 ,2.73471 ,0.20633 ,2.02454 
1126 ,204.3058 ,2.73644 ,0.20291 ,1.99096 
1127 ,204.4822 ,2.73824 ,0.19607 ,1.92381 
1128 ,204.6739 ,2.74021 ,0.20976 ,2.05812 
1129 ,204.8503 ,2.74184 ,0.21318 ,2.09170 
1130 ,205.0424 ,2.74375 ,0.20633 ,2.02454 
1131 ,205.2184 ,2.74560 ,0.18238 ,1.78949 
1132 ,205.3945 ,2.74735 ,0.21660 ,2.12528 
1133 ,205.5706 ,2.74905 ,0.21660 ,2.12528 
1134 ,205.7467 ,2.75085 ,0.19607 ,1.92381 
1135 ,205.9228 ,2.75264 ,0.19607 ,1.92381 
1136 ,206.1149 ,2.75456 ,0.19607 ,1.92381 
1137 ,206.2906 ,2.75634 ,0.20976 ,2.05812 
1138 ,206.4670 ,2.75803 ,0.21318 ,2.09170 
1139 ,206.6442 ,2.75982 ,0.19949 ,1.95738 
1140 ,206.8193 ,2.76163 ,0.20291 ,1.99096 
1141 ,206.9950 ,2.76341 ,0.21318 ,2.09170 
1142 ,207.1714 ,2.76511 ,0.21660 ,2.12528 
1143 ,207.3474 ,2.76689 ,0.21660 ,2.12528 
1144 ,207.5235 ,2.76861 ,0.19264 ,1.89023 
1145 ,207.6996 ,2.77043 ,0.19264 ,1.89023 
1146 ,207.9077 ,2.77234 ,0.21318 ,2.09170 
1147 ,208.0837 ,2.77425 ,0.19949 ,1.95738 
1148 ,208.2597 ,2.77597 ,0.19607 ,1.92381 
1149 ,208.4356 ,2.77778 ,0.19949 ,1.95738 
1150 ,208.6116 ,2.77950 ,0.22002 ,2.15885 
1151 ,208.8036 ,2.78141 ,0.17553 ,1.72234 
1152 ,208.9801 ,2.78322 ,0.18580 ,1.82307 
1153 ,209.1721 ,2.78511 ,0.21318 ,2.09170 
1154 ,209.3482 ,2.78683 ,0.21318 ,2.09170 
1155 ,209.5238 ,2.78861 ,0.19949 ,1.95738 
1156 ,209.6999 ,2.79040 ,0.19264 ,1.89023 
1157 ,209.8924 ,2.79218 ,0.20291 ,1.99096 
1158 ,210.0683 ,2.79412 ,0.21318 ,2.09170 
1159 ,210.2606 ,2.79594 ,0.20291 ,1.99096 
1160 ,210.4367 ,2.79781 ,0.19949 ,1.95738 
1161 ,210.6452 ,2.79986 ,0.21660 ,2.12528 
1162 ,210.8368 ,2.80176 ,0.19949 ,1.95738 
1163 ,211.0129 ,2.80354 ,0.20633 ,2.02454 
1164 ,211.2209 ,2.80550 ,0.19607 ,1.92381 
1165 ,211.4130 ,2.80747 ,0.20291 ,1.99096 
1166 ,211.5887 ,2.80925 ,0.21318 ,2.09170 
1167 ,211.7652 ,2.81104 ,0.22344 ,2.19243 
1168 ,211.9573 ,2.81298 ,0.18580 ,1.82307 
1169 ,212.1334 ,2.81474 ,0.20291 ,1.99096 
1170 ,212.3094 ,2.81649 ,0.22002 ,2.15885 
1171 ,212.4855 ,2.81827 ,0.20633 ,2.02454 
1172 ,212.6613 ,2.81996 ,0.19264 ,1.89023 
1173 ,212.8377 ,2.82177 ,0.19949 ,1.95738 
1174 ,213.0297 ,2.82364 ,0.20633 ,2.02454 
1175 ,213.2058 ,2.82544 ,0.20633 ,2.02454 
1176 ,213.3978 ,2.82735 ,0.19607 ,1.92381 
1177 ,213.5740 ,2.82917 ,0.20291 ,1.99096 
1178 ,213.7660 ,2.83107 ,0.21660 ,2.12528 
1179 ,213.9579 ,2.83296 ,0.19607 ,1.92381 
1180 ,214.1341 ,2.83473 ,0.21318 ,2.09170 
1181 ,214.3260 ,2.83662 ,0.20291 ,1.99096 
1182 ,214.5022 ,2.83840 ,0.20633 ,2.02454 
1183 ,214.6780 ,2.84015 ,0.18922 ,1.85665 
1184 ,214.8543 ,2.84191 ,0.20291 ,1.99096 
1185 ,215.0464 ,2.84381 ,0.22002 ,2.15885 
1186 ,215.2227 ,2.84559 ,0.19607 ,1.92381 
1187 ,215.3987 ,2.84732 ,0.19607 ,1.92381 
1188 ,215.5747 ,2.84914 ,0.20633 ,2.02454 
1189 ,215.7508 ,2.85088 ,0.19949 ,1.95738 
1190 ,215.9267 ,2.85263 ,0.22002 ,2.15885 
1191 ,216.1189 ,2.85454 ,0.19607 ,1.92381 
1192 ,216.3110 ,2.85639 ,0.21318 ,2.09170 
1193 ,216.5031 ,2.85844 ,0.20633 ,2.02454 
1194 ,216.6790 ,2.86012 ,0.18922 ,1.85665 
1195 ,216.8712 ,2.86201 ,0.20291 ,1.99096 
1196 ,217.0473 ,2.86395 ,0.19949 ,1.95738 
1197 ,217.2234 ,2.86554 ,0.20976 ,2.05812 
1198 ,217.3992 ,2.86735 ,0.19264 ,1.89023 
1199 ,217.5915 ,2.86932 ,0.20633 ,2.02454 
1200 ,217.7833 ,2.87118 ,0.21318 ,2.09170 
1201 ,217.9596 ,2.87293 ,0.19607 ,1.92381 
1202 ,218.1516 ,2.87485 ,0.22002 ,2.15885 
1203 ,218.3277 ,2.87665 ,0.22002 ,2.15885 
1204 ,218.5039 ,2.87837 ,0.19949 ,1.95738 
1205 ,218.6958 ,2.88028 ,0.20291 ,1.99096 
1206 ,218.8719 ,2.88205 ,0.20976 ,2.05812 
1207 ,219.0640 ,2.88401 ,0.20633 ,2.02454 
1208 ,219.2402 ,2.88577 ,0.19264 ,1.89023 
1209 ,219.4321 ,2.88768 ,0.20976 ,2.05812 
1210 ,219.6082 ,2.88944 ,0.22002 ,2.15885 
1211 ,219.7843 ,2.89122 ,0.20633 ,2.02454 
1212 ,219.9760 ,2.89315 ,0.19264 ,1.89023 
1213 ,220.1364 ,2.89482 ,0.20976 ,2.05812 
1214 ,220.3122 ,2.89646 ,0.20633 ,2.02454 
1215 ,220.4884 ,2.89822 ,0.22002 ,2.15885 
1216 ,220.6805 ,2.90011 ,0.19949 ,1.95738 
1217 ,220.8566 ,2.90194 ,0.19607 ,1.92381 
1218 ,221.0325 ,2.90368 ,0.19949 ,1.95738 
1219 ,221.2089 ,2.90546 ,0.20976 ,2.05812 
1220 ,221.4009 ,2.90731 ,0.19264 ,1.89023 
1221 ,221.5771 ,2.90912 ,0.19607 ,1.92381 
1222 ,221.7692 ,2.91102 ,0.21318 ,2.09170 
1223 ,221.9457 ,2.91282 ,0.20633 ,2.02454 
1224 ,222.1372 ,2.91473 ,0.19949 ,1.95738 
1225 ,222.3133 ,2.91648 ,0.20633 ,2.02454 
1226 ,222.4893 ,2.91832 ,0.20633 ,2.02454 
1227 ,222.6651 ,2.91998 ,0.20976 ,2.05812 
1228 ,222.8417 ,2.92177 ,0.20291 ,1.99096 
1229 ,223.0336 ,2.92358 ,0.20291 ,1.99096 
1230 ,223.2093 ,2.92542 ,0.21318 ,2.09170 
1231 ,223.4018 ,2.92733 ,0.19949 ,1.95738 
1232 ,223.6096 ,2.92931 ,0.19607 ,1.92381 
1233 ,223.7859 ,2.93117 ,0.20976 ,2.05812 
1234 ,223.9779 ,2.93313 ,0.19264 ,1.89023 
1235 ,224.1537 ,2.93493 ,0.20291 ,1.99096 
1236 ,224.3301 ,2.93663 ,0.20633 ,2.02454 
1237 ,224.5222 ,2.93848 ,0.18922 ,1.85665 
1238 ,224.6982 ,2.94030 ,0.19949 ,1.95738 
1239 ,224.8744 ,2.94208 ,0.19949 ,1.95738 
1240 ,225.0505 ,2.94387 ,0.20291 ,1.99096 
1241 ,225.2265 ,2.94571 ,0.19264 ,1.89023 
1242 ,225.4025 ,2.94731 ,0.19949 ,1.95738 
1243 ,225.5947 ,2.94918 ,0.21318 ,2.09170 
1244 ,225.7706 ,2.95100 ,0.19607 ,1.92381 
1245 ,225.9628 ,2.95283 ,0.20291 ,1.99096 
1246 ,226.1548 ,2.95496 ,0.21318 ,2.09170 
1247 ,226.3149 ,2.95658 ,0.21318 ,2.09170 
1248 ,226.4749 ,2.95818 ,0.19949 ,1.95738 
1249 ,226.6509 ,2.95979 ,0.21318 ,2.09170 
1250 ,226.8272 ,2.96161 ,0.20291 ,1.99096 
1251 ,227.0032 ,2.96342 ,0.20633 ,2.02454 
1252 ,227.1953 ,2.96522 ,0.20976 ,2.05812 
1253 ,227.3872 ,2.96713 ,0.20633 ,2.02454 
1254 ,227.5633 ,2.96895 ,0.19607 ,1.92381 
1255 ,227.7395 ,2.97070 ,0.20291 ,1.99096 
1256 ,227.9313 ,2.97263 ,0.20291 ,1.99096 
1257 ,228.1236 ,2.97448 ,0.20633 ,2.02454 
1258 ,228.2998 ,2.97630 ,0.19949 ,1.95738 
1259 ,228.4917 ,2.97817 ,0.19949 ,1.95738 
1260 ,228.6835 ,2.98013 ,0.20976 ,2.05812 
1261 ,228.8599 ,2.98193 ,0.19949 ,1.95738 
1262 ,229.0361 ,2.98363 ,0.21318 ,2.09170 
1263 ,229.2282 ,2.98561 ,0.21660 ,2.12528 
1264 ,229.4038 ,2.98735 ,0.20976 ,2.05812 
1265 ,229.5963 ,2.98917 ,0.20633 ,2.02454 
1266 ,229.7884 ,2.99124 ,0.20291 ,1.99096 
1267 ,229.9644 ,2.99295 ,0.21318 ,2.09170 
1268 ,230.1403 ,2.99474 ,0.19607 ,1.92381 
1269 ,230.3166 ,2.99646 ,0.19607 ,1.92381 
1270 ,230.4926 ,2.99824 ,0.19949 ,1.95738 
1271 ,230.6685 ,2.99999 ,0.20633 ,2.02454 
1272 ,230.8448 ,3.00175 ,0.21318 ,2.09170 
1273 ,231.0369 ,3.00353 ,0.18238 ,1.78949 
1274 ,231.2290 ,3.00549 ,0.20633 ,2.02454 
1275 ,231.4046 ,3.00740 ,0.20976 ,2.05812 
1276 ,231.5811 ,3.00910 ,0.20291 ,1.99096 
1277 ,231.7730 ,3.01100 ,0.20291 ,1.99096 
1278 ,231.9651 ,3.01287 ,0.20291 ,1.99096 
1279 ,232.1414 ,3.01471 ,0.19949 ,1.95738 
1280 ,232.3332 ,3.01659 ,0.20291 ,1.99096 
1281 ,232.4935 ,3.01838 ,0.21660 ,2.12528 
1282 ,232.6852 ,3.02019 ,0.21318 ,2.09170 
1283 ,232.8615 ,3.02194 ,0.20633 ,2.02454 
1284 ,233.0537 ,3.02377 ,0.19607 ,1.92381 
1285 ,233.2455 ,3.02573 ,0.21318 ,2.09170 
1286 ,233.4218 ,3.02750 ,0.19607 ,1.92381 
1287 ,233.5976 ,3.02921 ,0.19264 ,1.89023 
1288 ,233.7740 ,3.03105 ,0.20291 ,1.99096 
1289 ,233.9819 ,3.03309 ,0.20976 ,2.05812 
1290 ,234.1580 ,3.03488 ,0.19949 ,1.95738 
1291 ,234.3342 ,3.03664 ,0.20291 ,1.99096 
1292 ,234.5262 ,3.03857 ,0.21660 ,2.12528 
1293 ,234.7022 ,3.04027 ,0.19949 ,1.95738 
1294 ,234.8945 ,3.04218 ,0.18580 ,1.82307 
1295 ,235.0865 ,3.04406 ,0.19607 ,1.92381 
1296 ,235.2626 ,3.04585 ,0.21318 ,2.09170 
1297 ,235.4387 ,3.04768 ,0.20976 ,2.05812 
1298 ,235.6307 ,3.04959 ,0.20633 ,2.02454 
1299 ,235.8390 ,3.05164 ,0.19264 ,1.89023 
1300 ,236.0469 ,3.05367 ,0.20633 ,2.02454 
1301 ,236.2229 ,3.05552 ,0.21318 ,2.09170 
1302 ,236.3990 ,3.05725 ,0.18238 ,1.78949 
1303 ,236.5752 ,3.05903 ,0.19607 ,1.92381 
1304 ,236.7672 ,3.06097 ,0.20633 ,2.02454 
1305 ,236.9593 ,3.06288 ,0.18922 ,1.85665 
1306 ,237.1514 ,3.06470 ,0.19607 ,1.92381 
1307 ,237.3435 ,3.06671 ,0.20633 ,2.02454 
1308 ,237.5353 ,3.06856 ,0.19949 ,1.95738 
1309 ,237.7115 ,3.07043 ,0.19264 ,1.89023 
1310 ,237.8878 ,3.07219 ,0.20633 ,2.02454 
1311 ,238.0797 ,3.07407 ,0.20291 ,1.99096 
1312 ,238.2557 ,3.07584 ,0.19607 ,1.92381 
1313 ,238.4316 ,3.07761 ,0.19264 ,1.89023 
1314 ,238.6238 ,3.07948 ,0.20291 ,1.99096 
1315 ,238.7998 ,3.08132 ,0.21318 ,2.09170 
1316 ,238.9758 ,3.08305 ,0.19949 ,1.95738 
1317 ,239.1680 ,3.08492 ,0.20976 ,2.05812 
1318 ,239.3441 ,3.08672 ,0.21660 ,2.12528 
1319 ,239.5203 ,3.08842 ,0.19949 ,1.95738 
1320 ,239.6962 ,3.09024 ,0.18580 ,1.82307 
1321 ,239.8720 ,3.09200 ,0.20291 ,1.99096 
1322 ,240.0481 ,3.09378 ,0.19949 ,1.95738 
1323 ,240.2245 ,3.09550 ,0.21318 ,2.09170 
1324 ,240.4004 ,3.09726 ,0.20633 ,2.02454 
1325 ,240.5927 ,3.09908 ,0.19264 ,1.89023 
1326 ,240.7687 ,3.10094 ,0.20976 ,2.05812 
1327 ,240.9605 ,3.10286 ,0.19607 ,1.92381 
1328 ,241.1370 ,3.10468 ,0.17896 ,1.75592 
1329 ,241.3128 ,3.10637 ,0.20633 ,2.02454 
1330 ,241.4891 ,3.10818 ,0.20633 ,2.02454 
1331 ,241.6807 ,3.11005 ,0.19949 ,1.95738 
1332 ,241.8572 ,3.11184 ,0.20291 ,1.99096 
1333 ,242.0333 ,3.11359 ,0.18580 ,1.82307 
1334 ,242.2094 ,3.11538 ,0.20633 ,2.02454 
1335 ,242.4015 ,3.11732 ,0.20291 ,1.99096 
1336 ,242.5934 ,3.11916 ,0.20291 ,1.99096 
1337 ,242.7696 ,3.12092 ,0.20291 ,1.99096 
1338 ,242.9463 ,3.12271 ,0.19949 ,1.95738 
1339 ,243.1217 ,3.12450 ,0.21318 ,2.09170 
1340 ,243.2979 ,3.12624 ,0.19949 ,1.95738 
1341 ,243.4739 ,3.12802 ,0.18922 ,1.85665 
1342 ,243.6501 ,3.12980 ,0.19949 ,1.95738 
1343 ,243.8422 ,3.13170 ,0.20976 ,2.05812 
1344 ,244.0338 ,3.13364 ,0.19264 ,1.89023 
1345 ,244.2100 ,3.13536 ,0.19949 ,1.95738 
1346 ,244.3863 ,3.13711 ,0.20633 ,2.02454 
1347 ,244.5784 ,3.13899 ,0.18580 ,1.82307 
1348 ,244.7703 ,3.14092 ,0.19607 ,1.92381 
1349 ,244.9625 ,3.14291 ,0.21318 ,2.09170 
1350 ,245.1385 ,3.14468 ,0.21318 ,2.09170 
1351 ,245.3147 ,3.14635 ,0.19607 ,1.92381 
1352 ,245.4906 ,3.14813 ,0.19264 ,1.89023 
1353 ,245.6666 ,3.14992 ,0.20633 ,2.02454 
1354 ,245.8429 ,3.15173 ,0.20633 ,2.02454 
1355 ,246.0189 ,3.15345 ,0.20291 ,1.99096 
1356 ,246.1949 ,3.15520 ,0.19607 ,1.92381 
1357 ,246.3711 ,3.15694 ,0.19607 ,1.92381 
1358 ,246.5472 ,3.15876 ,0.20633 ,2.02454 
1359 ,246.7551 ,3.16071 ,0.19607 ,1.92381 
1360 ,246.9313 ,3.16259 ,0.19607 ,1.92381 
1361 ,247.1230 ,3.16441 ,0.19949 ,1.95738 
1362 ,247.2993 ,3.16628 ,0.20291 ,1.99096 
1363 ,247.4753 ,3.16795 ,0.19949 ,1.95738 
1364 ,247.6517 ,3.16975 ,0.20633 ,2.02454 
1365 ,247.8437 ,3.17161 ,0.21318 ,2.09170 
1366 ,248.0357 ,3.17357 ,0.19607 ,1.92381 
1367 ,248.2113 ,3.17537 ,0.19949 ,1.95738 
1368 ,248.3713 ,3.17705 ,0.21660 ,2.12528 
1369 ,248.5480 ,3.17875 ,0.21318 ,2.09170 
1370 ,248.7399 ,3.18068 ,0.20291 ,1.99096 
1371 ,248.9161 ,3.18240 ,0.20291 ,1.99096 
1372 ,249.1080 ,3.18421 ,0.20291 ,1.99096 
1373 ,249.2841 ,3.18603 ,0.20976 ,2.05812 
1374 ,249.4603 ,3.18779 ,0.21318 ,2.09170 
1375 ,249.6365 ,3.18960 ,0.19607 ,1.92381 
1376 ,249.8282 ,3.19148 ,0.20633 ,2.02454 
1377 ,250.0044 ,3.19329 ,0.22344 ,2.19243 
1378 ,250.1805 ,3.19501 ,0.21318 ,2.09170 
1379 ,250.3727 ,3.19690 ,0.18922 ,1.85665 
1380 ,250.5647 ,3.19888 ,0.20976 ,2.05812 
1381 ,250.7407 ,3.20068 ,0.20976 ,2.05812 
1382 ,250.9169 ,3.20241 ,0.21660 ,2.12528 
1383 ,251.0929 ,3.20419 ,0.18922 ,1.85665 
1384 ,251.2851 ,3.20594 ,0.20291 ,1.99096 
1385 ,251.4607 ,3.20791 ,0.20976 ,2.05812 
1386 ,251.6372 ,3.20955 ,0.20291 ,1.99096 
1387 ,251.8452 ,3.21162 ,0.20976 ,2.05812 
1388 ,252.0214 ,3.21343 ,0.22002 ,2.15885 
1389 ,252.1974 ,3.21522 ,0.20291 ,1.99096 
1390 ,252.3731 ,3.21696 ,0.19607 ,1.92381 
1391 ,252.5491 ,3.21868 ,0.20291 ,1.99096 
1392 ,252.7251 ,3.22047 ,0.20633 ,2.02454 
1393 ,252.9016 ,3.22232 ,0.21318 ,2.09170 
1394 ,253.0938 ,3.22414 ,0.20291 ,1.99096 
1395 ,253.2857 ,3.22599 ,0.19607 ,1.92381 
1396 ,253.4779 ,3.22798 ,0.20633 ,2.02454 
1397 ,253.6539 ,3.22973 ,0.20291 ,1.99096 
1398 ,253.8620 ,3.23168 ,0.20633 ,2.02454 
1399 ,254.0380 ,3.23360 ,0.20633 ,2.02454 
1400 ,254.2142 ,3.23538 ,0.19264 ,1.89023 
1401 ,254.3900 ,3.23713 ,0.18922 ,1.85665 
1402 ,254.5662 ,3.23900 ,0.22002 ,2.15885 
1403 ,254.7424 ,3.24064 ,0.22344 ,2.19243 
1404 ,254.9344 ,3.24260 ,0.20633 ,2.02454 
1405 ,255.1104 ,3.24427 ,0.19264 ,1.89023 
1406 ,255.2867 ,3.24608 ,0.21660 ,2.12528 
1407 ,255.4627 ,3.24786 ,0.20291 ,1.99096 
1408 ,255.6548 ,3.24968 ,0.19949 ,1.95738 
1409 ,255.8470 ,3.25171 ,0.19949 ,1.95738 
1410 ,256.0229 ,3.25347 ,0.21660 ,2.12528 
1411 ,256.2150 ,3.25533 ,0.19949 ,1.95738 
1412 ,256.3906 ,3.25711 ,0.19607 ,1.92381 
1413 ,256.5668 ,3.25885 ,0.20291 ,1.99096 
1414 ,256.7432 ,3.26060 ,0.20976 ,2.05812 
1415 ,256.9191 ,3.26239 ,0.21318 ,2.09170 
1416 ,257.1112 ,3.26433 ,0.19607 ,1.92381 
1417 ,257.2874 ,3.26608 ,0.20976 ,2.05812 
1418 ,257.4635 ,3.26787 ,0.21318 ,2.09170 
1419 ,257.6556 ,3.26971 ,0.19949 ,1.95738 
1420 ,257.8478 ,3.27159 ,0.20291 ,1.99096 
1421 ,258.0398 ,3.27364 ,0.21318 ,2.09170 
1422 ,258.2156 ,3.27535 ,0.20291 ,1.99096 
1423 ,258.3918 ,3.27714 ,0.18922 ,1.85665 
1424 ,258.5679 ,3.27886 ,0.19607 ,1.92381 
1425 ,258.7599 ,3.28073 ,0.20291 ,1.99096 
1426 ,258.9525 ,3.28274 ,0.19607 ,1.92381 
1427 ,259.1278 ,3.28446 ,0.20291 ,1.99096 
1428 ,259.3202 ,3.28642 ,0.21318 ,2.09170 
1429 ,259.4963 ,3.28820 ,0.19949 ,1.95738 
1430 ,259.6722 ,3.28992 ,0.19607 ,1.92381 
1431 ,259.8643 ,3.29180 ,0.20633 ,2.02454 
1432 ,260.0565 ,3.29376 ,0.18580 ,1.82307 
1433 ,260.2325 ,3.29555 ,0.19607 ,1.92381 
1434 ,260.4247 ,3.29741 ,0.21660 ,2.12528 
1435 ,260.6166 ,3.29929 ,0.20976 ,2.05812 
1436 ,260.8248 ,3.30142 ,0.19607 ,1.92381 
1437 ,261.0168 ,3.30338 ,0.20976 ,2.05812 
1438 ,261.1929 ,3.30515 ,0.21318 ,2.09170 
1439 ,261.3850 ,3.30692 ,0.19264 ,1.89023 
1440 ,261.5611 ,3.30883 ,0.20633 ,2.02454 
1441 ,261.7531 ,3.31056 ,0.20976 ,2.05812 
1442 ,261.9453 ,3.31251 ,0.20291 ,1.99096 
1443 ,262.1212 ,3.31439 ,0.20976 ,2.05812 
1444 ,262.2974 ,3.31611 ,0.20633 ,2.02454 
1445 ,262.4895 ,3.31813 ,0.19264 ,1.89023 
1446 ,262.6973 ,3.32006 ,0.21660 ,2.12528 
1447 ,262.8571 ,3.32187 ,0.21318 ,2.09170 
1448 ,263.0337 ,3.32349 ,0.20291 ,1.99096 
1449 ,263.2258 ,3.32533 ,0.20291 ,1.99096 
1450 ,263.4017 ,3.32719 ,0.20976 ,2.05812 
1451 ,263.5939 ,3.32910 ,0.19949 ,1.95738 
1452 ,263.7860 ,3.33103 ,0.20976 ,2.05812 
1453 ,264.0101 ,3.33310 ,0.21318 ,2.09170 
1454 ,264.2182 ,3.33522 ,0.21318 ,2.09170 
1455 ,264.3941 ,3.33715 ,0.21318 ,2.09170 
1456 ,264.5703 ,3.33890 ,0.19949 ,1.95738 
1457 ,264.7623 ,3.34076 ,0.20976 ,2.05812 
1458 ,264.9382 ,3.34254 ,0.21318 ,2.09170 
1459 ,265.1145 ,3.34432 ,0.20291 ,1.99096 
1460 ,265.2906 ,3.34608 ,0.18580 ,1.82307 
1461 ,265.4667 ,3.34786 ,0.19264 ,1.89023 
1462 ,265.6587 ,3.34978 ,0.21318 ,2.09170 
1463 ,265.8509 ,3.35158 ,0.20633 ,2.02454 
1464 ,266.0428 ,3.35354 ,0.20976 ,2.05812 
1465 ,266.2511 ,3.35556 ,0.19607 ,1.92381 
1466 ,266.4268 ,3.35749 ,0.19949 ,1.95738 
1467 ,266.6191 ,3.35939 ,0.21318 ,2.09170 
1468 ,266.7950 ,3.36111 ,0.20291 ,1.99096 
1469 ,266.9871 ,3.36302 ,0.20291 ,1.99096 
1470 ,267.1632 ,3.36480 ,0.20291 ,1.99096 
1471 ,267.3393 ,3.36655 ,0.20291 ,1.99096 
1472 ,267.5155 ,3.36835 ,0.20633 ,2.02454 
1473 ,267.7074 ,3.37015 ,0.19264 ,1.89023 
1474 ,267.8997 ,3.37204 ,0.20633 ,2.02454 
1475 ,268.0914 ,3.37408 ,0.19607 ,1.92381 
1476 ,268.2838 ,3.37598 ,0.20633 ,2.02454 
1477 ,268.4599 ,3.37775 ,0.22002 ,2.15885 
1478 ,268.6521 ,3.37971 ,0.19949 ,1.95738 
1479 ,268.8280 ,3.38143 ,0.20291 ,1.99096 
1480 ,269.0200 ,3.38335 ,0.21660 ,2.12528 
1481 ,269.1961 ,3.38507 ,0.20633 ,2.02454 
1482 ,269.3723 ,3.38685 ,0.20291 ,1.99096 
1483 ,269.5643 ,3.38877 ,0.20976 ,2.05812 
1484 ,269.7402 ,3.39055 ,0.21318 ,2.09170 
1485 ,269.9002 ,3.39227 ,0.20633 ,2.02454 
1486 ,270.0925 ,3.39399 ,0.20976 ,2.05812 
1487 ,270.2683 ,3.39587 ,0.18238 ,1.78949 
1488 ,270.4607 ,3.39774 ,0.20976 ,2.05812 
1489 ,270.6367 ,3.39956 ,0.21318 ,2.09170 
1490 ,270.8449 ,3.40148 ,0.19949 ,1.95738 
1491 ,271.0529 ,3.40366 ,0.21660 ,2.12528 
1492 ,271.2290 ,3.40546 ,0.20633 ,2.02454 
1493 ,271.4049 ,3.40715 ,0.20976 ,2.05812 
1494 ,271.5811 ,3.40896 ,0.21318 ,2.09170 
1495 ,271.7570 ,3.41067 ,0.20976 ,2.05812 
1496 ,271.9333 ,3.41249 ,0.20291 ,1.99096 
1497 ,272.1094 ,3.41430 ,0.19264 ,1.89023 
1498 ,272.2854 ,3.41607 ,0.20976 ,2.05812 
1499 ,272.4615 ,3.41772 ,0.20291 ,1.99096 
1500 ,272.6375 ,3.41956 ,0.20976 ,2.05812 
1501 ,272.8137 ,3.42126 ,0.19264 ,1.89023 
1502 ,272.9894 ,3.42301 ,0.18580 ,1.82307 
1503 ,273.1657 ,3.42478 ,0.21318 ,2.09170 
1504 ,273.3254 ,3.42650 ,0.21660 ,2.12528 
1505 ,273.5019 ,3.42810 ,0.21660 ,2.12528 
1506 ,273.6780 ,3.42992 ,0.20633 ,2.02454 
1507 ,273.8541 ,3.43171 ,0.21318 ,2.09170 
1508 ,274.0462 ,3.43359 ,0.19949 ,1.95738 
1509 ,274.2219 ,3.43534 ,0.20976 ,2.05812 
1510 ,274.3980 ,3.43711 ,0.21318 ,2.09170 
1511 ,274.5744 ,3.43890 ,0.20291 ,1.99096 
1512 ,274.7663 ,3.44077 ,0.18238 ,1.78949 
1513 ,274.9423 ,3.44253 ,0.20291 ,1.99096 
1514 ,275.1185 ,3.44432 ,0.20633 ,2.02454 
1515 ,275.2943 ,3.44607 ,0.20633 ,2.02454 
1516 ,275.4705 ,3.44782 ,0.19264 ,1.89023 
1517 ,275.6469 ,3.44963 ,0.19949 ,1.95738 
1518 ,275.8388 ,3.45155 ,0.20291 ,1.99096 
1519 ,276.0149 ,3.45326 ,0.20976 ,2.05812 
1520 ,276.2390 ,3.45536 ,0.18580 ,1.82307 
1521 ,276.3990 ,3.45724 ,0.20633 ,2.02454 
1522 ,276.5750 ,3.45885 ,0.20633 ,2.02454 
1523 ,276.7511 ,3.46062 ,0.19949 ,1.95738 
1524 ,276.9272 ,3.46235 ,0.18922 ,1.85665 
1525 ,277.1032 ,3.46416 ,0.20633 ,2.02454 
1526 ,277.2794 ,3.46589 ,0.20976 ,2.05812 
1527 ,277.4556 ,3.46766 ,0.20291 ,1.99096 
1528 ,277.6317 ,3.46949 ,0.20291 ,1.99096 
1529 ,277.8237 ,3.47136 ,0.19264 ,1.89023 
1530 ,277.9996 ,3.47315 ,0.20633 ,2.02454 
1531 ,278.1917 ,3.47493 ,0.21318 ,2.09170 
1532 ,278.3838 ,3.47699 ,0.20976 ,2.05812 
1533 ,278.5596 ,3.47869 ,0.21660 ,2.12528 
1534 ,278.7356 ,3.48048 ,0.21318 ,2.09170 
1535 ,278.9121 ,3.48220 ,0.19949 ,1.95738 
1536 ,279.1201 ,3.48432 ,0.20976 ,2.05812 
1537 ,279.2966 ,3.48609 ,0.19949 ,1.95738 
1538 ,279.4880 ,3.48798 ,0.19607 ,1.92381 
1539 ,279.6644 ,3.48978 ,0.20291 ,1.99096 
1540 ,279.8403 ,3.49150 ,0.19607 ,1.92381 
1541 ,280.0166 ,3.49331 ,0.21318 ,2.09170 
1542 ,280.2085 ,3.49518 ,0.19949 ,1.95738 
1543 ,280.3686 ,3.49676 ,0.20291 ,1.99096 
1544 ,280.5604 ,3.49812 ,0.22002 ,2.15885 
1545 ,280.7208 ,3.49908 ,0.21318 ,2.09170 
1546 ,280.9126 ,3.49968 ,0.19949 ,1.95738 
1547 ,281.0890 ,3.49999 ,0.19607 ,1.92381 
